// ================================================================================
// CHRONO WORKBENCH - github.com/Concrete-Chrono-Development/chrono-preprocessor
//
// Copyright (c) 2023 
// All rights reserved. 
//
// Use of the code that generated this file is governed by a BSD-style license that
// can be found in the LICENSE file at the top level of the distribution and at
// github.com/Concrete-Chrono-Development/chrono-preprocessor/blob/main/LICENSE
//
// ================================================================================
// Facet Data File
// ================================================================================
//
// Data Structure:
// Tet IDx IDy IDz Vol pArea cx cy cz px py pz qx qy qz sx sy sz mF
// One line per facet, ordering is Tet 1 (Facet 1-12),...,Tet N (Facet 1-12)
// Note: All indices are zero-indexed
//
// ================================================================================
0 0 1 2 1.138604475 0.3392410152 15.4168387 1.577609771 3.290542368 0.4792319476 -0.413414034 0.7742257919 -0.8771108223 -0.2575760071 0.4053778558 0.03183309347 -0.8733518403 -0.4860485749 0
0 3 4 5 1.263088786 0.3763304391 15.08477973 1.626673049 3.656661532 0.4792319476 -0.413414034 0.7742257919 -0.8753886436 -0.2889536329 0.3875571192 0.06349380317 -0.8634782189 -0.5003737627 0
0 6 7 8 2.376719247 1.213971188 14.07862367 1.561327407 2.191381568 0.001083666207 -0.7087290655 0.7054799341 -0.9811271155 -0.1371658746 -0.136290521 0.1933608258 -0.6920177993 -0.6955019457 0
0 9 10 11 2.091616241 1.06834741 14.28161048 1.626673049 3.047979456 0.001083666207 -0.7087290655 0.7054799341 -0.9702282554 -0.1716054916 -0.1709054932 0.2421899214 -0.6842913612 -0.6878149278 0
0 12 13 14 2.429300102 1.293747875 14.71012487 1.561327407 1.500785385 0.6737543417 -0.7389554026 0 -0.437743547 -0.3991196414 0.8056575568 -0.5953450043 -0.5428152768 -0.5923815503 0
0 15 16 17 1.466427232 0.7809603737 15.24517064 1.577609771 1.991264109 0.6737543417 -0.7389554026 0 -0.3398067223 -0.3098241838 0.8879979542 -0.6561908858 -0.598292477 -0.4598474023 0
0 18 19 20 2.374472695 1.178097527 15.48368573 0.4012042306 4.358651781 -0.7969868088 0 -0.6039967107 0.3555456304 0.8083844352 -0.4691501995 0.4882615399 -0.5886549116 -0.6442717313 0
0 21 22 23 2.084063881 1.034010839 15.08584054 0.9328962826 4.347257715 -0.7969868088 0 -0.6039967107 -0.5344479743 0.465871363 0.7052157371 0.2813847709 0.8848524584 -0.3712933309 0
0 24 25 26 1.98983371 0.7591481569 16.11518693 0.4012042306 3.668055598 -0.1309873133 0 -0.9913840445 -0.2561246352 -0.9660512315 0.03384064734 -0.9577277771 0.2583505723 0.1265404553 0
0 27 28 29 1.389356682 0.5300581446 16.0494007 0.883833005 3.290542368 -0.1309873133 0 -0.9913840445 -0.1279022149 -0.9916427993 0.01689916999 -0.9830988491 0.129013792 0.129892626 0
0 30 31 32 2.417201932 1.291519845 15.31201768 0.4012042306 3.059373522 0.6748268055 0 -0.7379761396 0.4005589013 -0.8398747284 0.3662826876 -0.6198075098 -0.5427802876 -0.5667699799 0
0 33 34 35 2.432970626 1.299945116 14.71118567 0.8675506407 2.191381568 0.6748268055 0 -0.7379761396 0.6682807912 -0.4242207569 0.6110953556 -0.3130647965 -0.9055588051 -0.2862755382 0
1 36 37 38 6.367467201 1.914577383 19.95120391 1.917722582 27.07418551 0.9160546361 0 -0.4010534924 0.2691491076 -0.741362079 0.6147690833 -0.2973258509 -0.6711052584 -0.6791281694 0
1 39 40 41 6.346722186 1.908339748 20.34066891 1.903266193 26.09993991 0.9160546361 0 -0.4010534924 0.3114111059 -0.6301385468 0.711300594 -0.2527192649 -0.7764827183 -0.5772413372 0
1 42 43 44 6.883118016 1.620635242 18.8764277 3.828585406 25.94377952 0.4595147247 0.5789459723 -0.6735486463 0.716288983 -0.6899538105 -0.1043735226 -0.5251440856 -0.4344943043 -0.731736557 0
1 45 46 47 6.835930917 1.609525004 19.72188789 3.04287511 25.44102144 0.4595147247 0.5789459723 -0.6735486463 0.7662473388 -0.6418919147 -0.02897905567 -0.4491227378 -0.502788555 -0.7385745971 0
1 48 49 50 7.228794033 3.024397309 18.15656889 3.82808578 27.46628194 0.1577448556 0.9730823367 0.1680099003 0.09437855032 0.1545045329 -0.9834739644 -0.9829594344 0.1709944894 -0.06746580504 0
1 51 52 53 6.903406132 2.888260868 18.61256408 3.056831874 27.93776946 0.1577448556 0.9730823367 0.1680099003 0.9150686837 -0.08009498243 -0.3952645924 -0.3711682431 0.2160915543 -0.9030717443 0
1 54 55 56 7.598240034 2.45534774 21.5436272 3.787254906 24.91744788 -0.35383282 0.7945806287 -0.4934004053 0.6107146814 -0.203272183 -0.7653156196 -0.7083995436 -0.5721206552 -0.4133376857 0
1 57 58 59 7.480689226 2.417361561 21.37139106 3.009415882 24.74616025 -0.35383282 0.7945806287 -0.4934004053 0.7949676348 -0.02244171228 -0.6062366116 -0.4927766179 -0.6067437631 -0.6237252687 0
1 60 61 62 6.059118013 1.53666059 20.71798327 3.829588428 26.46124744 -0.6770311617 0.589854829 0.4401137202 0.2480947387 0.7459372477 -0.6180830228 -0.6928764729 -0.3092715686 -0.6513626411 0
1 63 64 65 5.969876457 1.514027926 20.15628214 3.066205794 27.26420541 -0.6770311617 0.589854829 0.4401137202 -0.1332394673 0.4898963171 -0.8615386485 -0.7237928228 -0.6419290297 -0.2530831295 0
1 66 67 68 7.587961901 2.093333024 20.09716507 5.068660373 25.82621423 -0.4343944383 -0.03670826391 0.8999744304 -0.7398235821 0.5844677597 -0.3332544153 -0.5137728481 -0.8105861714 -0.2810471834 0
1 69 70 71 7.81196339 2.155129553 19.07946875 5.076531645 26.15768467 -0.4343944383 -0.03670826391 0.8999744304 -0.7537142456 0.5618857116 -0.3408801594 -0.4931696544 -0.8263999942 -0.2717475695 0
2 72 73 74 7.891625254 2.141789293 44.76408039 31.04239253 45.63323498 0.7052489634 -0.0008924371347 -0.7089591689 0.1402952166 -0.9800480127 0.1407946913 -0.694939675 -0.1987588902 -0.6910526403 0
2 75 76 77 7.498745138 2.03516152 45.45254982 30.39403192 45.76916006 0.7052489634 -0.0008924371347 -0.7089591689 0.4587053296 -0.7619049661 0.4572638661 -0.5405675908 -0.6476882168 -0.5369233218 0
2 78 79 80 7.848822819 2.261064275 43.5322023 28.58313946 46.54915042 0.3248453466 -0.8293536438 -0.4545855632 -0.03573898302 -0.49107384 0.8703845178 -0.9450916495 -0.2664939347 -0.1891633076 0
2 81 82 83 7.522892124 2.167171182 44.72128489 28.94549698 46.28040104 0.3248453466 -0.8293536438 -0.4545855632 -0.5814625528 -0.5542144128 0.5956069882 -0.7459066969 0.07084432352 -0.6622720599 0
2 84 85 86 9.232360971 3.892522221 42.39154405 29.56577717 46.43561772 -0.4889372327 -0.3991974194 -0.7756170465 0.6891104555 -0.7219264387 -0.06284104775 -0.5348524681 -0.5652111442 0.6280678307 0
2 87 88 89 8.680374495 3.659795226 42.89215721 30.57649531 46.03094327 -0.4889372327 -0.3991974194 -0.7756170465 0.2135160509 -0.9168647367 0.3372980144 -0.845784416 -0.0006891310312 0.5335243637 0
2 90 91 92 7.804804546 2.301255006 45.64671351 28.65437144 44.35655422 -0.4337030046 -0.8478865798 0.3049427022 -0.7324792902 0.5288544608 0.4287039173 -0.5247626065 -0.03743403706 -0.8504251288 0
2 93 94 95 7.565472682 2.230687749 46.0107646 28.94361345 44.98409869 -0.4337030046 -0.8478865798 0.3049427022 -0.4984610468 0.5076935455 0.7026975514 -0.7506252651 0.1527599808 -0.6428266482 0
2 96 97 98 7.603594736 1.924408825 44.52265176 29.63488969 44.21892798 -0.9511772262 -0.2388014027 0.1955397005 -0.2689610201 0.3305395914 -0.9046565913 0.1513996503 -0.9130813045 -0.3786300005 0
2 99 100 101 7.739503264 1.958806184 44.19823341 30.57249231 44.71054737 -0.9511772262 -0.2388014027 0.1955397005 -0.3084346179 0.7120303235 -0.6307780156 0.01140047871 -0.660292896 -0.7509216474 0
2 102 103 104 8.109939282 2.698333106 43.79422485 28.17579791 44.74132137 -0.761030539 0.642849394 -0.08704697174 0.3943273791 0.3518673595 -0.8489377359 -0.515110121 -0.680392547 -0.521274923 0
2 105 106 107 8.699496012 2.894489993 42.96919334 28.10268239 45.63761521 -0.761030539 0.642849394 -0.08704697174 0.04560636801 -0.08083295292 -0.9956837314 -0.6471109471 -0.761715623 0.0321983197 0
3 108 109 110 4.647260083 1.870263385 19.44560089 49.1571592 29.96179949 -0.7199682176 0 -0.6940070357 0.5965724537 0.5109578425 -0.6188888355 0.3546083377 -0.859605772 -0.3678734071 0
3 111 112 113 4.007461056 1.612779906 19.99171408 49.66657508 29.81878953 -0.7199682176 0 -0.6940070357 0.6866990719 0.1447387923 -0.7123868799 0.1004497402 -0.9894698995 -0.1042073303 0
3 114 115 116 3.910249172 1.182496459 21.92585916 49.19551345 28.89098039 0.3803131039 0 -0.9248577961 0.88270504 -0.2984590332 0.3629793629 -0.2760321637 -0.954422446 -0.1135078813 0
3 117 118 119 3.733112692 1.128928706 21.51501314 49.66657508 29.15188127 0.3803131039 0 -0.9248577961 0.268012021 -0.9570910798 0.1102098982 -0.8851731467 -0.2897872755 -0.3639942793 0
3 120 121 122 3.940999064 1.242303985 21.07721424 48.46083688 29.02051181 -0.1377500791 -0.4603426276 -0.8769889286 0.6127926124 -0.7352345103 0.2896815994 -0.7781453142 -0.4975086733 0.3833731733 0
3 123 124 125 3.996244264 1.259718689 20.12025504 48.42248263 29.42442265 -0.1377500791 -0.4603426276 -0.8769889286 -0.4065967589 -0.7811025141 0.4738754457 -0.9031633248 0.4218572361 -0.07957688726 0
3 126 127 128 3.822996167 1.149502898 20.44855265 49.24677622 27.41670034 0.9160546361 0 -0.4010534924 0.1815686389 -0.8916480495 0.4147247102 -0.3575985642 -0.4527292302 -0.8167983295 0
3 129 130 131 3.722543252 1.119298599 20.62051893 49.66657508 28.28964143 0.9160546361 0 -0.4010534924 0.2772919481 -0.7224636692 0.6333683149 -0.2897465776 -0.6914088854 -0.6618161935 0
3 132 133 134 4.73811074 2.102380885 19.60711383 48.51026658 27.55021461 0.5999053902 -0.6479863212 -0.4692837631 -0.138832961 -0.6619652723 0.7365645845 -0.7879333295 -0.3767170101 -0.4870783946 0
3 135 136 137 4.67894715 2.076128987 19.23296691 48.42064956 28.56616565 0.5999053902 -0.6479863212 -0.4692837631 -0.6663551671 -0.7293050563 0.1551931895 -0.4428140852 0.2196084295 -0.8693030678 0
3 138 139 140 4.737993096 2.102020885 21.11720808 48.5102675 26.88908777 -0.7518122851 -0.6478914503 0.1225355319 -0.440164511 0.6314941849 0.6383340017 -0.490951618 0.425971552 -0.7599439096 0
3 141 142 143 4.271088474 1.89487764 21.70002037 48.45900473 27.50112798 -0.7518122851 -0.6478914503 0.1225355319 -0.3315035147 0.5320331478 0.7791316637 -0.5699857083 0.545139797 -0.6147673496 0
4 144 145 146 2.417201932 1.291519845 0.4012042306 3.059373522 15.31201768 0 -0.7379761396 0.6748268055 -0.8335032068 0.3728516753 0.4077426056 -0.552514619 -0.5624703064 -0.6151054789 0
4 147 148 149 2.432970626 1.299945116 0.8675506407 2.191381568 14.71118567 0 -0.7379761396 0.6748268055 -0.9754615593 0.1485764913 0.1624800684 -0.2201698126 -0.6582676079 -0.7198673559 0
4 150 151 152 2.091616241 1.06834741 1.626673049 3.047979456 14.28161048 0.7087290655 -0.7054799341 -0.001083666207 -0.3065375358 -0.3093320731 0.900193539 -0.6354036913 -0.6376611413 -0.4354887116 0
4 153 154 155 2.376719247 1.213971188 1.561327407 2.191381568 14.07862367 0.7087290655 -0.7054799341 -0.001083666207 -0.5739736672 -0.5775089027 0.5805494782 -0.4101918345 -0.4108302933 -0.8142242498 0
4 156 157 158 2.084063881 1.034010839 0.9328962826 4.347257715 15.08584054 0 0.6039967107 0.7969868088 -0.9974886257 0.05644805942 -0.04277918008 -0.07082684279 -0.7949852766 0.6024798489 0
4 159 160 161 2.374472695 1.178097527 0.4012042306 4.358651781 15.48368573 0 0.6039967107 0.7969868088 -0.9200331502 0.3122917353 -0.2366703925 -0.3918405321 -0.7332542844 0.5556969964 0
4 162 163 164 1.466427232 0.7809603737 1.577609771 1.991264109 15.24517064 0.7389554026 0 -0.6737543417 0.3779002818 -0.8278921365 0.4144707316 -0.5577959214 -0.5608873419 -0.6117753671 0
4 165 166 167 2.429300102 1.293747875 1.561327407 1.500785385 14.71012487 0.7389554026 0 -0.6737543417 0.6215740681 -0.3858704702 0.6817255005 -0.2599819046 -0.9225529688 -0.2851410687 0
4 168 169 170 1.389356682 0.5300581446 0.883833005 3.290542368 16.0494007 0 0.9913840445 0.1309873133 0.9945862029 0.01361152003 -0.1030194715 -0.1039147967 0.1302781745 -0.9860168925 0
4 171 172 173 1.98983371 0.7591481569 0.4012042306 3.668055598 16.11518693 0 0.9913840445 0.1309873133 0.613072418 0.1034834768 -0.7832198799 -0.7900267149 0.08030470888 -0.6077902133 0
4 174 175 176 1.138604475 0.3392410152 1.577609771 3.290542368 15.4168387 -0.413414034 0.7742257919 0.4792319476 -0.04842695078 0.506873896 -0.8606588662 -0.9092544566 -0.3790161957 -0.1720553878 0
4 177 178 179 1.263088786 0.3763304391 1.626673049 3.656661532 15.08477973 -0.413414034 0.7742257919 0.4792319476 -0.1426838283 0.4647281207 -0.8738816276 -0.8992942575 -0.4296535778 -0.08165562715 0
5 180 181 182 2.084064796 1.034011343 15.08584046 45.65274219 49.06710329 -0.7969868468 0.6039966606 0 0.1759423138 0.2321597437 -0.9566327172 -0.5778029666 -0.7624236928 -0.2912968321 0
5 183 184 185 2.374473913 1.178098188 15.48368569 45.64134811 49.59879557 -0.7969868468 0.6039966606 0 0.4403161209 0.5810067831 -0.6845091904 -0.4134412652 -0.5455448212 -0.7290042306 0
5 186 187 188 1.389357494 0.5300584542 16.04940065 46.70945766 49.11616657 -0.1309873133 0.9913840445 0 0.1690769156 0.02233940624 -0.9853496575 -0.9768599287 -0.1290683043 -0.1705463352 0
5 189 190 191 1.98983471 0.7591485382 16.11518689 46.33194437 49.59879557 -0.1309873133 0.9913840445 0 0.04037877765 0.00533507436 -0.9991702014 -0.9905613954 -0.1308786202 -0.04072970296 0
5 192 193 194 1.138605138 0.3392411862 15.41683865 46.70945766 48.42238949 -0.47923191 0.7742257313 -0.413414191 0.6552638738 0.002236583585 -0.7553967523 -0.5839229676 -0.6329056128 -0.5083939941 0
5 195 196 197 1.263089523 0.3763306293 15.08477966 46.34333845 48.3733262 -0.47923191 0.7742257313 -0.413414191 0.7601520253 0.1306630938 -0.6364715661 -0.4387546865 -0.6192751189 -0.6511471817 0
5 198 199 200 2.432971771 1.299945646 14.71118562 47.80861831 49.13244892 0.6748267632 0.7379761783 0 0.7367932807 -0.6737450874 0.05659698516 0.04176722681 -0.0381931603 -0.998397106 0
5 201 202 203 2.417203108 1.291520392 15.31201764 46.94062637 49.59879557 0.6748267632 0.7379761783 0 0.7243903825 -0.6624035185 -0.1909977809 -0.1409518124 0.1288904143 -0.9815904684 0
5 204 205 206 2.376720106 1.213971278 14.07862361 47.80861831 48.43867184 -0.001083665896 0.7054798125 -0.7087291865 0.8895320097 -0.3231185429 -0.3229972307 -0.4568715678 -0.6307873186 -0.6271967229 0
5 207 208 209 2.091617072 1.068347528 14.28161041 46.95202045 48.3733262 -0.001083665896 0.7054798125 -0.7087291865 0.6216990642 -0.5546413572 -0.553049038 -0.7832554495 -0.4412155924 -0.4379950933 0
5 210 211 212 2.429301037 1.293748049 14.71012481 48.49921458 48.43867184 -0.6737541731 0 -0.7389555563 0.4763658333 -0.7644799757 -0.4343339263 -0.5649167258 -0.6446474747 0.5150715739 0
5 213 214 215 1.466428026 0.7809606012 15.2451706 48.00873592 48.42238949 -0.6737541731 0 -0.7389555563 -0.3437056362 -0.8852457723 0.313378937 -0.6541572822 0.4651235562 0.5964380333 0
6 216 217 218 11.25713428 3.726503369 11.16571749 12.47928075 10.14029936 0.1008656124 -0.1694342854 0.9803663352 -0.5967515946 0.77815 0.1958829036 -0.7960613435 -0.6047930228 -0.02262160369 0
6 219 220 221 9.833166403 3.255120427 12.11179837 12.74773549 10.73709581 0.1008656124 -0.1694342854 0.9803663352 -0.9541622777 0.2626135839 0.1435564466 -0.2817809008 -0.9499084843 -0.1351791237 0
6 222 223 224 7.094354259 1.534893187 12.28214353 15.5991593 10.2177076 0.3180196273 0.7421415196 0.589991086 0.03208904547 0.6135160416 -0.789030012 -0.9475409278 0.2698592811 0.1712955299 0
6 225 226 227 7.165500241 1.550285917 12.70971516 14.67393662 10.80609015 0.3180196273 0.7421415196 0.589991086 -0.5331292149 0.6545738648 -0.5360096042 -0.7839877275 -0.1440799099 0.6038246622 0
6 228 229 230 9.348346417 2.808708542 10.98835788 15.2743418 9.252809027 -0.3659614512 0.8955560592 0.253084099 -0.1203631169 0.2241172933 -0.9671009042 -0.9228135978 -0.3843836414 0.02577362874 0
6 231 232 233 10.2141217 3.068830529 10.46984863 14.08066439 9.244395119 -0.3659614512 0.8955560592 0.253084099 -0.1161574016 0.225866272 -0.9672082946 -0.9233524107 -0.3833585425 0.02136711616 0
6 234 235 236 10.30751239 2.50344184 12.52167787 15.49754998 12.67539398 0.2829996961 0.9574267353 -0.05696681968 0.8801251095 -0.2828373834 -0.3812909731 -0.3811705178 0.0577673011 -0.9226982038 0
6 237 238 239 9.647533481 2.343149157 12.91890654 14.6053322 12.28519396 0.2829996961 0.9574267353 -0.05696681968 0.9530388024 -0.2740311304 0.1289340169 0.1078341929 -0.09077987721 -0.9900155558 0
6 240 241 242 11.34823575 2.602947808 11.09947101 15.15656862 11.70717858 -0.3492720214 0.8010871739 -0.4860744746 0.502613715 -0.2776338692 -0.8187178318 -0.7908150912 -0.5302629295 -0.3056676579 0
6 243 244 245 11.4760569 2.63226618 10.5506188 13.9958961 10.7201821 -0.3492720214 0.8010871739 -0.4860744746 0.9306097514 0.3571402998 -0.0801017901 0.1094282669 -0.4803229601 -0.8702386503 0
6 246 247 248 10.2268341 3.086468284 11.79678852 17.08242866 11.68839051 -0.8112253404 -0.1356588446 -0.5687795047 0.3332636391 0.6920005871 -0.6403674995 0.4804672663 -0.7090358703 -0.5161582515 0
6 249 250 251 9.471599925 2.858537891 11.76644555 17.11543356 10.70980794 -0.8112253404 -0.1356588446 -0.5687795047 0.3254994476 0.7033055037 -0.6319900933 0.4857608019 -0.6978237932 -0.5263823677 0
7 252 253 254 13.93907384 3.958941747 13.62842472 21.06344835 27.6639486 0.3175256887 0.8008610647 0.5077390984 0.8359206934 -0.4891941295 0.2488487453 0.4476762574 0.34541375 -0.8247880394 0
7 255 256 257 13.74620438 3.904163432 11.8252632 21.51333868 27.40278783 0.3175256887 0.8008610647 0.5077390984 -0.4336470925 0.5988161977 -0.6733270829 -0.8432838408 -0.006380938091 0.5374305978 0
7 258 259 260 11.35241613 3.315506044 10.08115666 19.83964239 27.89456311 -0.7306301155 0.4129324307 0.543752188 -0.5738821963 0.06006830512 -0.8167319166 -0.3699173679 -0.9087786344 0.1930868576 0
7 261 262 263 12.95540722 3.783664242 9.63313241 20.71405684 27.48724342 -0.7306301155 0.4129324307 0.543752188 0.2076222972 0.8930423954 -0.399209546 -0.6504403247 -0.1787794384 -0.7382176484 0
7 264 265 266 11.19863815 3.255861613 12.9512542 19.22306977 28.38236576 0.6306068729 0.1174577661 0.767162724 -0.5378373224 0.7787736815 0.3228661761 -0.559522999 -0.616210375 0.5542732064 0
7 267 268 269 12.61143163 3.66661335 14.30639147 19.64759389 28.23620683 0.6306068729 0.1174577661 0.767162724 -0.7114432142 0.4824892345 0.5109331576 -0.3101346881 -0.8679906749 0.387825558 0
7 270 271 272 6.397420411 1.647198075 11.16122696 21.79674442 28.89838399 -0.9319906749 -0.3619794558 0.01908547519 -0.3518448424 0.9160474663 0.1925155742 -0.08716988399 0.1727075939 -0.981108301 0
7 273 274 275 8.334004576 2.145826819 10.41166011 21.94115675 28.17315503 -0.9319906749 -0.3619794558 0.01908547519 -0.3338296138 0.8776473139 0.3439374671 -0.1412486132 0.3141752153 -0.9387985744 0
7 276 277 278 6.517993473 2.35432715 13.58985431 21.24280232 29.31123074 0.379630413 -0.8725826037 0.3073765593 -0.6934248066 -0.04844537556 0.7188985208 -0.6124073702 -0.4860582736 -0.6234617612 0
7 279 280 281 9.346028176 3.375825393 14.64344898 20.93732433 28.84716256 0.379630413 -0.8725826037 0.3073765593 -0.714580975 -0.06554861977 0.6964749878 -0.587583849 -0.4840485287 -0.6484151773 0
7 282 283 284 5.096754418 1.052751883 11.76517397 20.609125 29.32541934 0.964748247 -0.2085975096 0.1604615184 -0.2290507975 -0.3652723429 0.9022814681 -0.1296015125 -0.9072283034 -0.4001752784 0
7 285 286 287 5.69201029 1.175703999 11.46363137 19.87912288 29.00751007 0.964748247 -0.2085975096 0.1604615184 -0.1005520757 0.271293417 0.9572299421 -0.2432079356 -0.9396206473 0.2407549359 0
8 288 289 290 2.181538227 1.080638166 2.379851878 2.37838012 3.092850745 0.7078346979 -0.7063766095 -0.001458088358 -0.4540022684 -0.4565188422 0.7651617391 -0.5411579998 -0.540946053 -0.6438364598 0
8 291 292 293 2.181539684 1.080638888 1.904519379 1.902066449 3.092850904 0.7078346979 -0.7063766095 -0.001458088358 -0.5068630228 -0.5093448235 0.6954550502 -0.4919958502 -0.4915281643 -0.7185681228 0
8 294 295 296 2.181540779 1.080640579 1.189067582 2.378380279 1.904519379 0 -0.7063773604 -0.7078354503 -0.2877173695 -0.6779048848 0.6765084497 -0.9577153624 0.2036565538 -0.203237036 0
8 297 298 299 2.181540779 1.080640579 1.190048754 1.902066449 2.379852037 0 -0.7063773604 -0.7078354503 0.1509698524 -0.6997225004 0.6982811226 -0.9885383673 -0.1068618134 0.1066416858 0
8 300 301 302 2.181539684 1.080638888 1.902066449 3.092850904 1.904519379 0.7063766095 0.001458088358 -0.7078346979 0.3691920106 -0.8539605418 0.3666724046 -0.6039282614 -0.5203357252 -0.6037560668 0
8 303 304 305 2.181538227 1.080638166 2.37838012 3.092850745 2.379851878 0.7063766095 0.001458088358 -0.7078346979 0.454869408 -0.7671188359 0.4523522005 -0.5423337599 -0.6415033637 -0.5425380422 0
8 306 307 308 2.181540779 1.080640579 2.379852037 1.190048754 1.902066449 -0.7078354503 0 -0.7063773604 0.6268033908 0.4610980204 -0.6280972257 0.3257092025 -0.8873492073 -0.3263815249 0
8 309 310 311 2.181540779 1.080640579 1.904519379 1.189067582 2.378380279 -0.7078354503 0 -0.7063773604 0.2113051785 0.9542094749 -0.2117413504 0.6740319702 -0.2991392284 -0.6754232934 0
8 312 313 314 2.181539684 1.080638888 3.092850904 1.904519379 1.902066449 -0.001458088358 0.7078346979 -0.7063766095 0.8475747625 -0.3739817275 -0.3765032398 -0.5306740016 -0.599255962 -0.5993975275 0
8 315 316 317 2.181538227 1.080638166 3.092850745 2.379851878 2.37838012 -0.001458088358 0.7078346979 -0.7063766095 0.8049498508 -0.4182923574 -0.4208173493 -0.5933410585 -0.5692113353 -0.5691615272 0
8 318 319 320 2.181540779 1.080640579 2.378380279 1.904519379 1.189067582 0.7063773604 0.7078354503 0 0.5796122913 -0.5784183318 -0.5740050742 -0.4063011402 0.4054641891 -0.8188517417 0
8 321 322 323 2.181540779 1.080640579 1.902066449 2.379852037 1.190048754 0.7063773604 0.7078354503 0 0.7046872633 -0.7032356585 -0.09420971052 -0.06668497287 0.06654760664 -0.9955523745 0
9 324 325 326 10.62741232 2.01737364 14.59020705 33.46076744 18.36001955 -0.4873106029 0.8475853727 -0.2100652574 0.2515255673 -0.09412271405 -0.963263102 -0.8362196275 -0.522245106 -0.1673223951 0
9 327 328 329 10.47914201 1.989227878 13.7586274 32.63111521 17.44825808 -0.4873106029 0.8475853727 -0.2100652574 0.7878756009 0.3230366545 -0.5243084564 -0.3765374004 -0.4210063609 -0.8252110216 0
9 330 331 332 10.99358081 3.19957086 13.97118766 30.14597234 18.32434321 -0.936045236 -0.04988511025 -0.348325698 0.1074302353 0.9021231097 -0.4178907027 0.3350791857 -0.4285853132 -0.83906887 0
9 333 334 335 10.44757499 3.040661373 13.43102521 30.67649866 17.39004812 -0.936045236 -0.04988511025 -0.348325698 0.1072336814 0.9023743345 -0.4173984883 0.3351421395 -0.4280561135 -0.8393138329 0
9 336 337 338 12.19962696 3.5143702 15.20617964 31.31750089 19.69645251 -0.1240177133 0.7849028172 0.6070808631 -0.2672515337 0.5627753171 -0.7822151624 -0.9556130098 -0.2592518275 0.1399723737 0
9 339 340 341 12.53342373 3.610527683 15.49759685 32.67767945 19.67391888 -0.1240177133 0.7849028172 0.6070808631 -0.2103306986 0.57710805 -0.7891180494 -0.9697322331 -0.2255523581 0.09351753718 0
9 342 343 344 15.43673862 3.296673927 11.57460913 33.55580267 17.38643625 -0.138618529 -0.9901584099 -0.01926724368 -0.9653928129 0.1307605496 0.2256510479 -0.2209108874 0.04987987489 -0.9740176476 0
9 345 346 347 13.60340739 2.905147229 11.91947256 32.69746268 16.75845817 -0.138618529 -0.9901584099 -0.01926724368 -0.9903222671 0.1384547303 0.009596609477 -0.006834522553 0.02041104833 -0.9997683124 0
9 348 349 350 17.28089146 4.081794477 13.03479819 35.17280197 19.10144535 0.5046745467 -0.4110769775 0.7591569801 -0.4809182298 0.5964124581 0.6426584132 -0.7169527587 -0.6894257744 0.1032997746 0
9 351 352 353 16.73330141 3.952452189 14.21124127 35.14411421 19.38522874 0.5046745467 -0.4110769775 0.7591569801 -0.3812842858 0.6828128575 0.6232085486 -0.7745488334 -0.6039721188 0.1878610776 0
9 354 355 356 13.6422901 2.622290923 12.60400458 32.81683132 18.91783217 0.5354610319 0.556677995 0.6351307686 -0.7578942689 -0.01510922472 0.6522024137 0.3726630655 -0.830590947 0.413812661 0
9 357 358 359 13.06701058 2.511711961 13.48903046 31.42796501 19.22414918 0.5354610319 0.556677995 0.6351307686 -0.6249641503 -0.2446559602 0.7413253483 0.5680680365 -0.7938847971 0.2169000572 0
10 360 361 362 5.98882087 2.410167114 30.53832753 1.02859829 30.28663876 0.6940070996 0 -0.719968156 0.1174116819 -0.9866130153 0.113177979 -0.7103299533 -0.1630789931 -0.6847164372 0
10 363 364 365 4.884400543 1.965699395 30.03340135 0.4063872422 29.87771731 0.6940070996 0 -0.719968156 0.4978185459 -0.7224288868 0.4798678973 -0.5201257935 -0.6914452281 -0.5013707764 0
10 366 367 368 5.064464388 1.522789128 27.93479928 0.9752155797 29.23190872 -0.4010535275 0 -0.9160546207 -0.08933935688 0.9952329545 0.03911323998 0.9116877467 0.09752623355 -0.3991416871 0
10 369 370 371 4.537135152 1.364231151 28.50425325 0.4063872422 29.24891247 -0.4010535275 0 -0.9160546207 0.5865425359 -0.7681315173 -0.2567914049 -0.7036504258 -0.640292099 0.3080618546 0
10 372 373 374 6.630413852 2.267143704 28.60824242 1.913277441 29.81960501 0.004932361115 0.7080256597 -0.7061694817 0.999573557 -0.0238159606 -0.01689686935 -0.02878152162 -0.7057849992 -0.7078411961 0
10 375 376 377 6.868541795 2.348567018 29.68262257 1.966660152 30.24553021 0.004932361115 0.7080256597 -0.7061694817 0.7859163579 -0.4393891727 -0.4350547475 -0.618313149 -0.5528443 -0.5586161739 0
10 378 379 380 5.047428511 1.526390283 29.42106121 0.9607970506 27.67762558 -0.9248577961 0 -0.3803131039 0.2866785784 0.6571082602 -0.6971543065 0.249906882 -0.7537962154 -0.6077316973 0
10 381 382 383 4.550017273 1.375968404 29.36649309 0.4063872422 28.35441841 -0.9248577961 0 -0.3803131039 0.380309712 -0.004223443476 -0.9248495475 -0.001606230898 -0.9999910812 0.003906084626 0
10 384 385 386 6.893582003 2.553481481 30.18220587 1.890755972 28.1823628 -0.6334287298 0.7670052762 -0.1023276625 0.6237354557 0.4278388385 -0.6541467799 -0.4579542833 -0.4781807551 -0.7494137975 0
10 387 388 389 7.072953587 2.619923284 30.63256392 1.958557212 29.26807708 -0.6334287298 0.7670052762 -0.1023276625 0.4859379401 0.2913799032 -0.8239915475 -0.6021896401 -0.5716648128 -0.557285366 0
10 390 391 392 6.910660692 2.59929967 28.49636399 1.889130271 27.48878832 0.5071127018 0.7788384195 0.3691170872 0.795404504 -0.2579787708 -0.5484328846 -0.3319162285 0.5717146755 -0.7503158982 0
10 393 394 395 6.740959753 2.535470231 27.87234189 1.9035488 28.1485774 0.5071127018 0.7788384195 0.3691170872 0.8312137568 -0.3287237082 -0.4483574626 -0.2278604798 0.534182965 -0.8140811763 0
11 396 397 398 6.524326071 1.961741889 23.31485647 1.231566041 20.06217468 0.4010534924 0 0.9160546361 -0.902390943 0.1720730378 0.3950714563 -0.157628304 -0.9850841942 0.06901049275 0
11 399 400 401 6.288395559 1.890802031 24.0728204 0.5421444801 19.58783591 0.4010534924 0 0.9160546361 -0.2298507125 0.9680094449 0.1006298395 -0.8867495397 -0.2509137594 0.3882235685 0
11 402 403 404 7.334181927 2.830143171 24.40756489 1.309870382 17.47417734 0.9999898114 0 -0.004514104167 -0.0007841906918 -0.9847950659 -0.1737183443 -0.004445467511 0.1737201143 -0.9847850322 0
11 405 406 407 6.705771668 2.587649732 24.70162524 0.5421444801 18.05868781 0.9999898114 0 -0.004514104167 0.002747754354 -0.7933972184 0.6086980398 -0.00358147769 -0.6087042416 -0.7933891348 0
11 408 409 410 8.513383995 2.935167682 23.21850214 2.407769714 18.15859382 0.08235091882 0.8477516982 0.5239612432 0.3021365232 0.479767004 -0.8237336604 -0.9497009253 0.2261430521 -0.216627497 0
11 411 412 413 8.424644812 2.904572988 22.75459856 2.329465374 19.21744306 0.08235091882 0.8477516982 0.5239612432 0.9699119516 0.05268689136 -0.2376865534 -0.2291050684 0.527769978 -0.8179056902 0
11 414 415 416 6.400210018 1.935484249 25.51973263 1.275062563 20.02050421 0.3803131039 0 -0.9248577961 0.7103753554 -0.6403401764 0.2921152392 -0.5922236043 -0.7680914389 -0.24352976 0
11 417 418 419 6.305020388 1.906698002 25.3685335 0.5421444801 19.58198687 0.3803131039 0 -0.9248577961 0.09650659434 -0.9945408992 0.03968471974 -0.9198089042 -0.1043474951 -0.3782369364 0
11 420 421 422 7.710423054 2.491599336 24.39835088 2.381212252 20.86278091 -0.35383282 0.7945806287 -0.4934004053 0.8304073271 0.02414124256 -0.5566335164 -0.4303789106 -0.6066785186 -0.6683675399 0
11 423 424 425 8.320621216 2.688782982 23.48918783 2.337715731 20.89860234 -0.35383282 0.7945806287 -0.4934004053 0.6458536821 -0.1739968771 -0.7433694291 -0.676517078 -0.5816929699 -0.4516170191 0
11 426 427 428 7.361577756 1.972685914 25.07007261 2.402264014 19.19339664 -0.630419258 0.6589083544 0.4103795069 0.001545300608 0.5297301838 -0.8481648097 -0.7762532906 -0.5340652703 -0.3349703209 0
11 429 430 431 7.642458008 2.047953545 24.62481314 2.437071834 18.17036884 -0.630419258 0.6589083544 0.4103795069 0.3361863359 0.7082673309 -0.6207544889 -0.6996787168 -0.2533716016 -0.6680213506 0
12 432 433 434 2.084064796 1.034011343 49.06710329 15.08584046 45.65274219 0 -0.7969868468 0.6039966606 -0.7867180974 0.3728546458 0.4919898864 -0.6173124291 -0.4751751037 -0.6270039758 0
12 435 436 437 2.374473913 1.178098188 49.59879557 15.48368569 45.64134811 0 -0.7969868468 0.6039966606 -0.7166503374 0.4212469884 0.5558446443 -0.6974326447 -0.4328544106 -0.5711608927 0
12 438 439 440 1.389357494 0.5300584542 49.11616657 16.04940065 46.70945766 0 -0.1309873133 0.9913840445 -0.4760489392 0.8718417565 0.1151927045 -0.8794187896 -0.4719473227 -0.06235637153 0
12 441 442 443 1.98983471 0.7591485382 49.59879557 16.11518689 46.33194437 0 -0.1309873133 0.9913840445 -0.5246817754 0.8439636909 0.1115092955 -0.8512984404 -0.5201611406 -0.06872665608 0
12 444 445 446 1.138605138 0.3392411862 48.42238949 15.41683865 46.70945766 -0.413414191 -0.47923191 0.7742257313 -0.8001973331 0.5969466994 -0.05778292348 -0.4344800741 -0.643421646 -0.6302663332 0
12 447 448 449 1.263089523 0.3763306293 48.3733262 15.08477966 46.34333845 -0.413414191 -0.47923191 0.7742257313 -0.9090182059 0.266410375 -0.320486214 -0.05267454697 -0.8362788342 -0.5457683608 0
12 450 451 452 2.432971771 1.299945646 49.13244892 14.71118562 47.80861831 0 0.6748267632 0.7379761783 0.9665620972 0.1892411988 -0.173047626 -0.256432666 0.7132998026 -0.6522619715 0
12 453 454 455 2.417203108 1.291520392 49.59879557 15.31201764 46.94062637 0 0.6748267632 0.7379761783 0.00131801734 0.7379755373 -0.674826177 -0.9999991314 0.0009726653996 -0.0008894333754 0
12 456 457 458 2.376720106 1.213971278 48.43867184 14.07862361 47.80861831 -0.7087291865 -0.001083665896 0.7054798125 -0.5611371843 0.6069539889 -0.5627894062 -0.4275839106 -0.7947362336 -0.430774092 0
12 459 460 461 2.091617072 1.068347528 48.3733262 14.28161041 46.95202045 -0.7087291865 -0.001083665896 0.7054798125 -0.3275875336 0.8861580365 -0.3277351709 -0.62481145 -0.4633818729 -0.6284010597 0
12 462 463 464 2.429301037 1.293748049 48.43867184 14.71012481 48.49921458 -0.7389555563 -0.6737541731 0 -0.6315799911 0.6927000416 -0.3482432586 0.2346303487 -0.2573362909 -0.9374041993 0
12 465 466 467 1.466428026 0.7809606012 48.42238949 15.2451706 48.00873592 -0.7389555563 -0.6737541731 0 0.03058708417 -0.03354709581 -0.9989689798 0.6730595189 -0.7381936783 0.04539798845 0
13 468 469 470 3.6306653 1.766974638 1.219909048 6.46827459 11.14239035 0 0.7519316583 -0.6592410646 0.6963632595 -0.4731303866 -0.5396534519 -0.7176894947 -0.4590712566 -0.5236175805 0
13 471 472 473 3.663134867 1.782776948 0.5480068508 6.790012029 12.08300478 0 0.7519316583 -0.6592410646 0.6807592349 -0.4828988561 -0.5507953875 -0.732507245 -0.4487844428 -0.5118844204 0
13 474 475 476 3.283392043 1.629058972 1.273584545 6.267884967 13.60101764 0 0.6039967107 0.7969868088 0.7873117108 -0.4913863324 0.3723972909 0.6165551638 0.627477048 -0.4755336837 0
13 477 478 479 3.676234797 1.823968384 0.5480068508 6.626183815 13.563457 0 0.6039967107 0.7969868088 -0.3788949714 0.737563217 -0.5589625225 -0.9254396797 -0.3019742941 0.2288513164 0
13 480 481 482 3.109862908 1.351687386 2.249274392 5.923767337 12.18651916 0.8258811297 0.2239428687 -0.5174649274 0.562421682 -0.3923400555 0.7278400459 -0.04002763055 -0.8921428542 -0.4499765732 0
13 483 484 485 3.265653952 1.419401236 2.195598895 5.960328746 11.20834409 0.8258811297 0.2239428687 -0.5174649274 0.5614117179 -0.4117580807 0.7178246067 -0.0523186637 -0.883348671 -0.4657873795 0
13 486 487 488 2.169925957 0.7284127237 1.205788022 7.476214508 12.54490192 0 -0.1099895185 0.9939327471 -0.04568664425 0.9928949025 0.1098746697 -0.9989558201 -0.04540945183 -0.005025052004 0
13 489 490 491 2.847374742 0.9558224716 0.5480068508 7.398694105 12.88617403 0 -0.1099895185 0.9939327471 -0.9943273754 -0.105717588 -0.01169880622 0.1063629188 -0.9882945398 -0.1093655893 0
13 492 493 494 2.212922059 1.020978411 2.183053617 7.11040555 11.14880818 0.8766635852 -0.4751150814 0.07567441934 -0.2035059213 -0.223682464 0.9531796763 -0.4359429989 -0.8510181048 -0.2927830032 0
13 495 496 497 3.371132714 1.555343401 2.197174643 6.711147708 10.54946586 0.8766635852 -0.4751150814 0.07567441934 -0.2989081092 -0.414636649 0.859494265 -0.3769813 -0.7761070214 -0.5055126019 0
13 498 499 500 1.885397571 0.5459526671 2.172924207 6.955011093 12.60178187 0.5502177229 -0.2033159057 -0.8098907951 0.2682436891 -0.8754599582 0.4020139112 -0.7907627841 -0.4384432734 -0.4271553761 0
13 501 502 503 2.205218307 0.6385628339 2.24072073 6.519191842 12.98061462 0.5502177229 -0.2033159057 -0.8098907951 -0.03495642554 -0.9746625667 0.2209319562 -0.8342892219 -0.0932497906 -0.5433838154 0
14 504 505 506 5.033020244 1.41039964 21.91127345 48.1643375 45.54851465 -0.6812804277 0 -0.7320225262 0.5235650348 -0.6988883646 -0.4872727247 -0.5116020261 -0.7152307697 0.4761389639 0
14 507 508 509 4.767523884 1.335999786 22.6520339 48.52311505 45.74701276 -0.6812804277 0 -0.7320225262 0.6040300532 -0.5649103666 -0.5621600952 -0.4135271136 -0.8251522755 0.3848623761 0
14 510 511 512 5.853697888 2.566773815 24.87654434 46.89017138 46.58017585 0.4965580767 -0.6353884022 -0.5913642319 -0.3441355449 -0.769570159 0.5378963628 -0.7968693765 -0.06358733122 -0.6007960121 0
14 513 514 515 4.981819317 2.184465891 24.44496938 47.78433539 46.3655345 0.4965580767 -0.6353884022 -0.5913642319 0.5895725241 -0.2531289058 0.7670267243 -0.6370512658 -0.7295254179 0.2489143415 0
14 516 517 518 5.955052398 1.5034774 23.70782847 46.30257334 46.2043342 -0.3285382664 -0.7368910715 -0.5908080536 0.4859239621 -0.6682681707 0.5632899387 -0.8099015438 -0.1020254903 0.5776246954 0
14 519 520 521 5.960235284 1.504785928 22.53549307 46.8379598 45.79119474 -0.3285382664 -0.7368910715 -0.5908080536 -0.7721648761 -0.1506621034 0.6173024662 -0.5438970598 0.6590087096 -0.5195031367 0
14 522 523 524 4.372935146 1.079966706 22.91251689 46.9951997 44.39817052 0.8800852153 -0.3578650765 0.3120618542 -0.3377516123 -0.009899881091 0.9411832132 -0.3337272273 -0.9337208252 -0.1295822455 0
14 525 526 527 4.2735583 1.055423995 23.23799823 47.79056251 45.0796922 0.8800852153 -0.3578650765 0.3120618542 -0.4208399905 -0.2835689283 0.8616741642 -0.2198720451 -0.8896748001 -0.4001687567 0
14 528 529 530 6.451386425 2.05354597 21.6110041 46.43605355 43.87980769 0.3596472644 -0.9290591194 0.08661984726 -0.4764825405 -0.1030459231 0.873124233 -0.8022582089 -0.3552895868 -0.4797406339 0
14 531 532 533 6.260110077 1.992660643 21.195725 46.87263881 44.36283126 0.3596472644 -0.9290591194 0.08661984726 -0.5594155803 -0.1403909842 0.8169116109 -0.7467985362 -0.3422565182 -0.5702213798 0
14 534 535 536 6.343008409 2.106632609 23.62170166 45.64290776 44.5940415 -0.8082860203 -0.4881056126 -0.3292819769 -0.4172939505 0.8694379012 -0.264468325 0.4153787046 -0.07635867294 -0.9064380204 0
14 537 538 539 6.733361213 2.23627613 24.37875795 45.54410656 45.49020453 -0.8082860203 -0.4881056126 -0.3292819769 -0.5700761364 0.7886469549 0.2303240742 0.147264755 0.3738835265 -0.9157096704 0
15 540 541 542 2.182236156 1.080985219 48.09857394 47.61875971 1.188990566 0.7063773209 0.7078354898 0 0.6976246929 -0.6961875586 -0.169241458 -0.1197951103 0.1195483276 -0.9855746186 0
15 543 544 545 2.180822971 1.080285189 47.62301022 48.09484162 1.190126073 0.7063773209 0.7078354898 0 0.1959730418 -0.1955693296 0.9609095713 0.680165897 -0.6787647286 -0.2768624131 0
15 546 547 548 2.180468089 1.078997375 46.9099343 47.61883683 2.379852441 0 0.7071067419 0.7071068205 -0.6340276951 0.5468130157 -0.5468129549 -0.7733103399 -0.4483253076 0.4483252577 0
15 549 550 551 2.179762537 1.078648235 46.91001151 48.09484162 1.904596698 0 0.7071067419 0.7071068205 -0.9706544404 0.1700440586 -0.1700440397 -0.2404786005 -0.6863563752 0.6863562988 0
15 552 553 554 2.182590911 1.08227732 47.62293301 46.90436629 2.378380683 0.7071067024 0 0.70710686 -0.6932845097 -0.1967571895 0.6932843551 0.1391283585 -0.9804522469 -0.1391283275 0
15 555 556 557 2.183298545 1.082628213 48.09857394 46.90428916 1.901989433 0.7071067024 0 0.70710686 -0.5835759515 -0.5646931641 0.5835758214 0.3992984101 -0.8253009332 -0.3992983211 0
15 558 559 560 2.181530381 1.080635549 48.09849673 48.8093893 2.379852203 -0.7063772815 0 0.707835529 -0.5587224115 0.6139572021 -0.5575713594 -0.4345807209 -0.7893393149 -0.4336854194 0
15 561 562 563 2.180822914 1.0802851 47.62301022 48.80931217 1.904596698 -0.7063772815 0 0.707835529 -0.206350309 0.9565638314 -0.2059251964 -0.6770898656 -0.2915229606 -0.6756949588 0
15 564 565 566 2.181530324 1.08063546 48.81149544 48.09491875 2.378380445 0 -0.707835411 0.7063773998 -0.8794171348 0.3362723712 0.3369664603 -0.4760519961 -0.621200389 -0.6224825891 0
15 567 568 569 2.182236042 1.080985042 48.81157265 47.61875971 1.901989433 0 -0.707835411 0.7063773998 -0.876546872 0.3399911036 0.3406928685 -0.4813165083 -0.6191729002 -0.6204509154 0
15 570 571 572 2.181529344 1.080633947 48.09849673 48.09491875 3.09285107 0.70637657 -0.7078347373 -0.001458088602 -0.664313103 -0.6636529581 0.3438791246 -0.2443772547 -0.2419395292 -0.939012791 0
15 573 574 575 2.181530133 1.080634337 47.62293301 47.61883683 3.092851308 0.70637657 -0.7078347373 -0.001458088602 -0.4988099453 -0.4992417985 0.7084816618 -0.5022158697 -0.4997275371 -0.7057277158 0
16 576 577 578 11.91615521 4.435085796 12.10891444 14.45274199 4.985877268 -0.3938064354 -0.5326341434 0.7491444191 -0.6942326198 0.7065169632 0.1373857716 -0.6024595928 -0.4659770917 -0.6480029236 0
16 579 580 581 9.472544295 3.525595789 13.00065771 14.67169214 5.710783164 -0.3938064354 -0.5326341434 0.7491444191 -0.9109306527 0.3351751161 -0.2405472668 -0.1229708803 -0.7771476764 -0.6171868856 0
16 582 583 584 9.024335098 1.7487077 13.43486441 17.26643824 7.238608024 0.07980250105 0.3873868417 0.9184568556 -0.8245065531 0.5434668252 -0.1575841163 -0.5601968446 -0.7446980896 0.3627730015 0
16 585 586 587 8.450000273 1.637414877 13.73338071 16.37899429 7.060155024 0.07980250105 0.3873868417 0.9184568556 -0.7769592159 0.6014003136 -0.1861505834 -0.6244725276 -0.6987482362 0.348977026 0
16 588 589 590 11.55700198 2.91357326 12.16474525 16.99898115 6.221121158 -0.5738206903 0.390671521 0.7197955113 -0.0484162429 0.8611724947 -0.5060017805 -0.8175485813 -0.3252040853 -0.4752437481 0
16 591 592 593 11.98873029 3.022413951 11.57151828 15.89258705 5.317762262 -0.5738206903 0.390671521 0.7197955113 -0.3413623057 0.6848133034 -0.6438186978 -0.7444471718 -0.615147545 -0.2595995113 0
16 594 595 596 9.73667054 2.106569355 12.52702284 16.02690982 8.999298812 0.3180196273 0.7421415196 0.589991086 0.194836336 -0.6601742941 0.7254024425 0.9278482197 -0.115740513 -0.3545445174 0
16 597 598 599 8.977759254 1.942375727 13.2009525 15.65899349 8.073473528 0.3180196273 0.7421415196 0.589991086 0.3657970113 -0.6701619693 0.6458138133 0.8746748328 0.01043550775 -0.4845978095 0
