// ================================================================================
// CHRONO WORKBENCH - github.com/Concrete-Chrono-Development/chrono-preprocessor
//
// Copyright (c) 2023 
// All rights reserved. 
//
// Use of the code that generated this file is governed by a BSD-style license that
// can be found in the LICENSE file at the top level of the distribution and at
// github.com/Concrete-Chrono-Development/chrono-preprocessor/blob/main/LICENSE
//
// ================================================================================
// Facet Data File
// ================================================================================
//
// Data Structure:
// Tet IDx IDy IDz Vol pArea cx cy cz px py pz qx qy qz sx sy sz mF
// One line per facet, ordering is Tet 1 (Facet 1-12),...,Tet N (Facet 1-12)
// Note: All indices are zero-indexed
//
// ================================================================================
0 0 1 2 0.04242931503 0.05922222395 2.586767335 1.238710526 2.630497427 0.8403166303 0.01951856042 0.5417443924 -0.5410057298 -0.03315121641 0.8403652761 0.03436220601 -0.9992597373 -0.01729786544 0
0 3 4 5 0.03946909554 0.05509039242 2.520122866 1.122425965 2.713037219 0.8403166303 0.01951856042 0.5417443924 -0.5403532026 0.1102264869 0.8341873519 -0.04343244494 -0.993714822 0.1031720667 0
0 6 7 8 0.04740401695 0.09969756561 2.120128435 0.8265766005 2.316160917 0.1195502164 -0.9917163776 0.0469720363 -0.5574527507 -0.02790014675 0.8297397258 -0.8215559485 -0.1253802546 -0.5561704912 0
0 9 10 11 0.04165705208 0.08761085979 2.247525374 0.8796642537 2.530139969 0.1195502164 -0.9917163776 0.0469720363 -0.9302771502 -0.09536516894 0.3542455482 -0.3468316156 -0.08604714402 -0.9339720121 0
0 12 13 14 0.04994667833 0.1354705943 2.220770859 0.9983190495 2.18601943 0.690746331 -0.342671536 -0.6367462011 0.4043093706 -0.5470416062 0.7329934611 -0.5995026598 -0.7637549997 -0.2393216693 0
0 15 16 17 0.04632861742 0.1256573119 2.414812268 1.167691263 2.317458689 0.690746331 -0.342671536 -0.6367462011 0.1686720112 -0.7799331796 0.6027055566 -0.7031495281 -0.5237179143 -0.4809368851 0
0 18 19 20 0.03636197184 0.04453048117 2.628445615 0.847924904 2.648730707 -0.6676699232 -0.5945934868 -0.4479681452 -0.7435155523 0.5023294767 0.4414178523 -0.03743657598 0.6277927064 -0.7774797879 0
0 21 22 23 0.03705059404 0.04537379841 2.548544625 0.8866562163 2.724204308 -0.6676699232 -0.5945934868 -0.4479681452 -0.6525810248 0.7570349529 -0.03218829244 0.3582664927 0.2708443565 -0.8934698958 0
0 24 25 26 0.03777136594 0.05196403452 2.726163701 1.020041757 2.51803821 -0.4778910185 -0.1930504224 -0.8569432355 0.3646260954 -0.9311318703 0.00642267138 -0.799167057 -0.309394529 0.5153707796 0
0 27 28 29 0.04116514671 0.05663303541 2.712907181 1.17505763 2.510972019 -0.4778910185 -0.1930504224 -0.8569432355 0.8703471491 -0.2360096573 -0.4321981972 -0.1188108348 -0.9523817386 0.2808077803 0
0 30 31 32 0.04006284296 0.08457323707 2.455807084 0.779586642 2.335927221 0.4176174812 0.7287218759 -0.5427338822 0.9085623756 -0.3280135417 0.258691952 0.01049042167 -0.6011418668 -0.7990734679 0
0 33 34 35 0.04629910953 0.09773808539 2.248509155 0.7652303011 2.197421771 0.4176174812 0.7287218759 -0.5427338822 0.9012504464 -0.4081510211 0.1454660677 -0.1155130825 -0.5498883264 -0.8272119174 0
1 36 37 38 0.03390243394 0.06303097737 10.71819092 3.552893078 0.202003386 -0.9647321788 0.2632334006 0 0.07942385117 0.2910829128 -0.9533952956 -0.2509654858 -0.9197711208 -0.3017240631 0
1 39 40 41 0.03144577065 0.05846357997 10.64017809 3.415694373 0.08756302954 -0.9647321788 0.2632334006 0 0.2226531088 0.8160082204 -0.5334380726 -0.1404187179 -0.5146248741 -0.8458391234 0
1 42 43 44 0.02940582926 0.04566741068 10.66754287 3.173692002 0.205629108 -0.8862374802 -0.4632311827 0 -0.4580124653 0.876253215 -0.1496826138 0.06933765422 -0.1326543425 -0.9887340973 0
1 45 46 47 0.02885016742 0.04480446486 10.61429823 3.195761539 0.08756302954 -0.8862374802 -0.4632311827 0 -0.4094524394 0.7833498945 -0.4676661659 0.2166375511 -0.4144632844 -0.8839051744 0
1 48 49 50 0.03902715141 0.07037126647 10.80774029 3.370024866 0.3909320127 -0.6045728714 0.1965886328 0.771909679 -0.04192560838 0.9598696921 -0.2772948205 -0.7954457156 -0.2000077088 -0.5720690779 0
1 51 52 53 0.04569156987 0.08238812014 10.83250848 3.529293109 0.3873062907 -0.6045728714 0.1965886328 0.771909679 -0.2832087247 0.8526967661 -0.4389772697 -0.7445028283 -0.4840053042 -0.4598417164 0
1 54 55 56 0.03756808925 0.08482286005 10.22527654 3.291161383 0.2136533632 -0.1168653387 -0.9931477698 0 -0.8431149182 0.09921072518 0.5285020972 -0.5248806792 0.06176357658 -0.8489319956 0
1 57 58 59 0.0325284046 0.07344404164 10.35484827 3.266554134 0.08756302954 -0.1168653387 -0.9931477698 0 -0.9701677031 0.1141612363 0.2138734207 -0.2124079107 0.02499438974 -0.9768613821 0
1 60 61 62 0.04768004263 0.102110925 10.32831935 3.497411068 0.3935610853 0.393217239 -0.06972841914 0.9167977697 -0.6792837665 0.649955737 0.340780141 -0.6196400306 -0.7567664683 0.2082084172 0
1 63 64 65 0.0472265512 0.101139734 10.53590391 3.610002524 0.3819111081 0.393217239 -0.06972841914 0.9167977697 -0.8819782607 0.2531393386 0.3975359392 -0.2597971336 -0.9649136867 0.03803980198 0
1 66 67 68 0.04230034765 0.06650463343 10.30330221 3.251036469 0.4026375755 0.3700488507 0.6403674274 0.6730478482 0.2975714909 0.6046034865 -0.7388544051 -0.8800653702 0.4736920751 0.03317773524 0
1 69 70 71 0.03818888208 0.06004058466 10.48611858 3.204359683 0.3946133203 0.3700488507 0.6403674274 0.6730478482 -0.7717614015 0.6151937691 -0.1609998931 -0.5171539299 -0.4598545252 0.7218626105 0
2 72 73 74 0.03005951079 0.05531275969 3.056702423 0.595903373 14.35691694 0.02724338872 0.692394452 0.7210046606 0.9175902745 0.268836159 -0.2928399011 -0.3965928465 0.6695648157 -0.6280104073 0
2 75 76 77 0.02701572416 0.0497118622 3.076893417 0.4864125174 14.48173239 0.02724338872 0.692394452 0.7210046606 -0.2648390343 0.70049757 -0.6626940775 -0.9639077153 -0.1728961457 0.2024570056 0
2 78 79 80 0.03196759614 0.06378422073 3.32377551 0.2670591767 14.35509222 0.6235241739 0 0.7818040704 -0.743109322 -0.310706741 0.5926633586 0.2429117948 -0.9505058238 -0.193733164 0
2 81 82 83 0.02782134603 0.05551130176 3.225740759 0.2982729397 14.48173239 0.6235241739 0 0.7818040704 -0.7187139909 -0.3935529969 0.5732069766 0.3076813349 -0.9193019301 -0.2453898073 0
2 84 85 86 0.05011649174 0.09533651886 3.297860216 0.412867732 14.13156268 0.6598916197 0.7382365473 -0.1398207798 0.7286736955 -0.674171629 -0.1205290843 -0.183242178 -0.02234759168 -0.9828137613 0
2 87 88 89 0.04981617736 0.09476523131 3.179634471 0.5535723506 14.13338741 0.6598916197 0.7382365473 -0.1398207798 0.7500671074 -0.6581642006 0.06495551921 -0.04407249354 -0.1477385707 -0.988043992 0
2 90 91 92 0.03295819599 0.06869151678 3.337391838 0.5979364776 14.6926123 0.6204556622 -0.7842415261 0 -0.566510942 -0.4481972836 0.6915088919 -0.5423099887 -0.4290506075 -0.7223679481 0
2 93 94 95 0.02813734585 0.05864389439 3.233143417 0.4864125174 14.67764602 0.6204556622 -0.7842415261 0 -0.07537966212 -0.05963690601 0.9953699543 -0.780610452 -0.6175829242 -0.09611791726 0
2 96 97 98 0.04894100847 0.08559169282 3.316645118 0.7906266711 14.51311435 0.5807775891 0.020631404 -0.813800797 0.2700741614 -0.9479436598 0.1687091143 -0.7679565999 -0.3177690404 -0.5561164424 0
2 99 100 101 0.04916830364 0.08598920361 3.192205704 0.7885935665 14.37333262 0.5807775891 0.020631404 -0.813800797 0.2236527205 -0.9652545493 0.1351410955 -0.782736771 -0.2604956819 -0.5652124796 0
2 102 103 104 0.04817400426 0.07937839547 3.499732848 0.5620592588 14.51003993 0.0566687956 0.6394498398 -0.7667415144 0.8702091111 -0.408097186 -0.2760304144 -0.4894126588 -0.6515831406 -0.5795814527 0
2 105 106 107 0.04856890271 0.08002908677 3.493519179 0.4193215356 14.36843348 0.0566687956 0.6394498398 -0.7667415144 0.8224852895 -0.4652405624 -0.3272142536 -0.5659563554 -0.6120907788 -0.5523027089 0
3 108 109 110 0.02317202673 0.05793165435 14.77597953 3.334374092 1.558836386 0 0.5527363691 -0.8333561701 0.9649588028 -0.2186738483 -0.1450388121 -0.2624014271 -0.8041543722 -0.533367825 0
3 111 112 113 0.02493149638 0.062330449 14.90348549 3.337126619 1.441279993 0 0.5527363691 -0.8333561701 0.9775810144 -0.1754711716 -0.1163839685 -0.2105596357 -0.8146731702 -0.5403445804 0
3 114 115 116 0.02428104965 0.05595965929 14.78754925 2.918780308 1.568347347 0 -0.6401843636 -0.7682213096 -0.5126263344 -0.6596038896 0.5496698556 -0.8586118106 0.393810474 -0.3281753637 0
3 117 118 119 0.02442026761 0.05628050988 14.90348549 3.087693499 1.441279993 0 -0.6401843636 -0.7682213096 -0.2255417419 -0.7484269393 0.6236890566 -0.9742335052 0.1732659723 -0.1443882965 0
3 120 121 122 0.02412963995 0.05433142432 14.61715244 2.916370095 1.752621067 -0.7673468088 -0.6363112559 0.07928972635 0.04987611218 -0.1825049514 -0.9819390593 0.6392896437 -0.7495331403 0.1717813236 0
3 123 124 125 0.02292730736 0.05162419611 14.60558272 3.082530759 1.743110106 -0.7673468088 -0.6363112559 0.07928972635 -0.2644343933 0.2013653077 -0.9431471065 0.5841689197 -0.7446878531 -0.3227796071 0
3 126 127 128 0.017303786 0.03468622369 14.78432137 3.114194679 1.297927562 0 -1 0 -0.5873387292 -2.775557562e-17 0.8093412242 -0.8093412242 -0 -0.5873387292 0
3 129 130 131 0.02286998436 0.04584392072 14.90348549 3.198237743 1.274613327 0 -1 0 -0.06312897594 0 0.9980053769 -0.9980053769 -0 -0.06312897594 0
3 132 133 134 0.01489396141 0.02094486631 14.61392457 3.111784465 1.482201281 -0.4792463468 -0.7083172572 0.5182756045 -0.2707956041 0.6810285089 0.6803454349 -0.8348608746 0.1857063088 -0.5181896245 0
3 135 136 137 0.01583407508 0.02226691588 14.60558272 3.193075003 1.576443439 -0.4792463468 -0.7083172572 0.5182756045 -0.8572708756 0.5043781034 -0.1033894323 -0.1881743473 -0.493851589 -0.8489411187 0
3 138 139 140 0.01728879166 0.03444073041 14.61392457 2.862351345 1.482201281 -0.6788895988 -0.009602695555 0.7341775677 -0.3044112436 0.913610005 -0.2695376664 -0.6681636831 -0.4064782245 -0.6231634982 0
3 141 142 143 0.02296325388 0.04574473749 14.61715244 2.777481219 1.5859544 -0.6788895988 -0.009602695555 0.7341775677 -0.6812802083 0.38110827 -0.6249910114 -0.2737995443 -0.9244805432 -0.2652725669 0
4 144 145 146 0.01912763041 0.04624584043 7.22710709 0.2048504585 8.982211171 -0.8969881053 0 0.4420546786 0.008251106173 0.9998257871 0.01674259871 -0.441977667 0.01866535198 -0.8968318385 0
4 147 148 149 0.020478402 0.04951166929 7.163785836 0.08899608232 9.08680199 -0.8969881053 0 0.4420546786 -0.0991888457 0.9745014055 -0.2012674429 -0.4307829056 -0.2243813955 -0.8741161694 0
4 150 151 152 0.02064641127 0.05098896811 7.55541355 0.1959027401 9.162458654 0.02937314348 0 0.9995685161 0.08513929645 0.9963659171 -0.002501888295 -0.9959360013 0.08517604854 0.02926639904 0
4 153 154 155 0.02062108968 0.05092643319 7.355233253 0.08899608232 9.197755639 0.02937314348 0 0.9995685161 -0.5853102641 0.8106269554 0.01719982381 -0.8102771829 -0.585562925 0.02381066187 0
4 156 157 158 0.02024828086 0.0538397099 7.658006974 0.3513104547 8.993039997 0.5641331848 0.8077244151 0.1712746889 0.7969405459 -0.4783962495 -0.3688126825 -0.2159618395 0.3445552173 -0.9135875361 0
4 159 160 161 0.01879088635 0.04996453165 7.52114793 0.3602581732 8.923746163 0.5641331848 0.8077244151 0.1712746889 0.1599309447 0.09661218409 -0.982389016 -0.8100468151 0.5815903672 -0.07467798969 0
4 162 163 164 0.01380934248 0.03120396401 7.24316139 0.1982045405 9.297479661 0.8651995294 0 0.5014277358 -0.4662900616 -0.367749861 0.8045704557 0.1843999802 -0.9299247495 -0.3181770067 0
4 165 166 167 0.0199080925 0.0449848646 7.169732711 0.08899608232 9.289174223 0.8651995294 0 0.5014277358 -0.5005983495 0.05749228905 0.8637684465 -0.02882822832 -0.9983459504 0.04974230143 0
4 168 169 170 0.01137316672 0.01702270783 7.347100688 0.3520730601 9.126541561 0.8728449012 0.4546695766 -0.1772494133 0.4453290284 -0.5935950168 0.6703185903 0.1995591012 -0.6640184727 -0.7205939446 0
4 171 172 173 0.01223453724 0.01831195815 7.336993263 0.3587189781 9.013645304 0.8728449012 0.4546695766 -0.1772494133 0.4349649418 -0.8895254506 -0.1398212151 -0.2212403168 0.04494495392 -0.97418308 0
4 174 175 176 0.01322935461 0.02655393877 7.536495289 0.3527490775 9.23528983 0.4019776047 0.6097319424 -0.6831112382 0.1705461025 -0.782841949 -0.5983916024 -0.8996266071 0.1240380637 -0.4186723379 0
4 177 178 179 0.01777157796 0.035671082 7.663246907 0.3504472771 9.191687407 0.4019776047 0.6097319424 -0.6831112382 0.2636700701 -0.7915199922 -0.5513385494 -0.8768649266 0.04150976138 -0.4789413746 0
5 180 181 182 0.04598873362 0.09186469842 1.520053455 4.449416213 2.083929056 -0.1536401784 -0.986349952 -0.05923232126 -0.9853963682 0.1573933317 -0.06497181427 0.07340771827 0.04838503312 -0.9961276 0
5 183 184 185 0.04016488971 0.08023129124 1.380265823 4.455294203 2.17756641 -0.1536401784 -0.986349952 -0.05923232126 -0.5099477644 0.02780263218 0.8597559486 -0.8463734242 0.1622984471 -0.5072585543 0
5 186 187 188 0.04071849857 0.06261483943 1.053165345 4.867952558 2.017058581 -0.9807852794 0 -0.1950903273 0.1520596796 0.6264866105 -0.7644556107 0.1222214779 -0.7794321823 -0.6144488453 0
5 189 190 191 0.03861010451 0.0593726581 1.099820148 4.702184391 2.128958941 -0.9807852794 0 -0.1950903273 0.06045559395 0.9507739996 -0.3039307864 0.1854868108 -0.3098851429 -0.9325051428 0
5 192 193 194 0.04669988532 0.1001071383 1.252615103 4.867952558 1.880151858 -0.5121258499 0 -0.8589104225 0.7613110631 -0.4629806115 -0.4539321739 -0.3976588726 -0.8863684072 0.2371043392 0
5 195 196 197 0.04655454944 0.09979559238 1.439057538 4.6963064 1.898414864 -0.5121258499 0 -0.8589104225 -0.02165045733 -0.999682256 0.01290909805 -0.8586375088 0.02520688626 0.511963125 0
5 198 199 200 0.03677129634 0.04879607556 0.9934518124 4.447868419 1.990096941 -0.7443114445 0.6552541482 -0.1290057162 0.1285288647 -0.04900981297 -0.9904940026 -0.65534785 -0.7538169801 -0.04774050708 0
5 201 202 203 0.03623449274 0.04808372892 1.061362953 4.455294203 2.114132683 -0.7443114445 0.6552541482 -0.1290057162 0.1292750549 -0.0481513765 -0.9904389962 -0.6552010636 -0.753872301 -0.04886839541 0
5 204 205 206 0.03965982866 0.06211099808 1.19290157 4.447868419 1.853190218 -0.253694352 0.7733062127 -0.5810651231 0.731190022 -0.2399533229 -0.6385793252 -0.6332458666 -0.5868729882 -0.5045589839 0
5 207 208 209 0.04138178224 0.06480773832 1.400600343 4.449416213 1.883588606 -0.253694352 0.7733062127 -0.5810651231 0.8477448871 -0.1115232114 -0.5185471818 -0.4657980058 -0.6241474784 -0.6272735791 0
5 210 211 212 0.04129123276 0.08534186439 0.9124558951 4.694758606 1.804582749 0.8244565754 0 -0.5659252206 0.07992800162 -0.9899762107 0.1164414734 -0.5602525054 -0.1412342103 -0.8161923964 0
5 213 214 215 0.04642651308 0.0959556041 0.9337122327 4.867952558 1.816718131 0.8244565754 0 -0.5659252206 0.2550654791 -0.892672818 0.371586923 -0.5051860614 -0.4507052696 -0.7359699745 0
6 216 217 218 0.04454695991 0.0936887577 1.540601984 0.5255427794 2.090517935 0.1195502164 -0.9917163776 0.0469720363 -0.8674179736 -0.08131544867 0.4908908808 -0.4830049739 -0.09943049958 -0.8699538901 0
6 219 220 221 0.03869343466 0.08137793985 1.399875759 0.5200622524 2.184919551 0.1195502164 -0.9917163776 0.0469720363 -0.6856909553 -0.04825888102 0.7262912599 -0.7180081195 -0.1190365778 -0.68578031 0
6 222 223 224 0.03468242594 0.04590604119 1.014368157 0.5272490569 1.998173287 -0.768967998 -0.6241348753 -0.1383613948 -0.6384306289 0.738535327 0.2167300233 -0.03308398813 0.2549926043 -0.9663768527 0
6 225 226 227 0.03446164704 0.04561381581 1.080972889 0.5200622524 2.121485824 -0.768967998 -0.6241348753 -0.1383613948 -0.6060902179 0.7805943928 -0.1527319276 0.2033294515 -0.03358647672 -0.97853415 0
6 228 229 230 0.03765681925 0.05964194501 1.213817915 0.5272490569 1.861266564 -0.2883561086 -0.7468377131 -0.5992363348 -0.5254416459 -0.3997572176 0.7510694001 -0.800476003 0.5314391755 -0.2771472016 0
6 231 232 233 0.03943276133 0.06245473276 1.421148872 0.5255427794 1.890177485 -0.2883561086 -0.7468377131 -0.5992363348 0.1665195784 -0.6553960529 0.7367002401 -0.9429326512 0.1126474326 0.3133505565 0
6 234 235 236 0.03885077932 0.0597427556 1.057357708 0.12599055 2.01856541 -0.9807852794 2.412220104e-16 -0.1950903273 0.170236354 0.4884306083 -0.8558359216 0.09528808724 -0.8726027394 -0.4790455506 0
6 237 238 239 0.03697063967 0.05685157233 1.109394648 0.2842925037 2.132652914 -0.9807852794 2.412220104e-16 -0.1950903273 0.109040854 0.8292182376 -0.5481853761 0.1617724574 -0.5589249631 -0.8132850408 0
6 240 241 242 0.04455780548 0.09551531796 1.256807465 0.12599055 1.881658687 -0.5121258499 7.329149009e-16 -0.8589104225 0.7250343948 -0.5361342591 -0.4323021889 -0.460491303 -0.8441327243 0.2745682131 0
6 243 244 245 0.044692424 0.09580388987 1.449570631 0.2897730307 1.901344574 -0.5121258499 7.329149009e-16 -0.8589104225 0.3336677168 -0.9214580412 -0.1989495745 -0.7914499154 -0.3884778995 0.4719024825 0
6 246 247 248 0.04429697257 0.09155421074 0.9379045953 0.12599055 1.81822496 0.8244565754 3.824399535e-16 -0.5659252206 0.2829052733 -0.8660838904 0.4121447574 -0.4901387167 -0.4998986845 -0.7140485583 0
6 249 250 251 0.03911551362 0.08084502777 0.9233368046 0.2914793082 1.808999927 0.8244565754 3.824399535e-16 -0.5659252206 0.2541431487 -0.8934938162 0.3702432449 -0.505650685 -0.4490754952 -0.7366468518 0
7 252 253 254 0.05810284143 0.1196602525 3.490521152 0.7632296158 2.828304381 -0.009245767299 -0.9999141846 -0.009281120206 -0.6283642712 -0.001410361304 0.7779179607 -0.7778642931 0.01302437278 -0.628297308 0
7 255 256 257 0.06196824935 0.1276208904 3.350184158 0.7900279394 2.893881726 -0.009245767299 -0.9999141846 -0.009281120206 -0.9136827548 0.004676240799 0.4064012259 -0.4063229497 0.01223749064 -0.9136475822 0
7 258 259 260 0.05768200072 0.07935613133 3.210066811 1.052764513 2.3385763 -0.4778910185 -0.1930504224 -0.8569432355 -0.1999075353 0.9738548824 -0.1079057246 0.8553695995 0.1197422335 -0.5039887357 0
7 261 262 263 0.05771772768 0.07940528277 3.177549464 0.9621447927 2.582545273 -0.4778910185 -0.1930504224 -0.8569432355 0.6520838959 0.5756796088 -0.4933351607 0.5885633077 -0.7945593259 -0.149227043 0
7 264 265 266 0.05359223677 0.06383639699 3.409873827 1.011082069 2.246044412 0.05905531237 -0.2661115126 -0.962131557 0.5231514241 -0.8126082871 0.2568664227 -0.8501911888 -0.5185098211 0.09122778059 0
7 267 268 269 0.05317245947 0.06333637923 3.517693473 0.8936640246 2.42443604 0.05905531237 -0.2661115126 -0.962131557 0.8758714001 -0.4485812879 0.1778317144 -0.4789172795 -0.8532054213 0.2065883551 0
7 270 271 272 0.05546040089 0.07048441857 3.203820958 0.6413523742 2.33545404 -0.4357619881 0.4387132339 -0.7859021492 0.8629613482 -0.04446298613 -0.5033097995 -0.2557522262 -0.8975264571 -0.3592172846 0
7 273 274 275 0.05564356811 0.07071720512 3.175410174 0.7209639746 2.580469748 -0.4357619881 0.4387132339 -0.7859021492 0.7072726753 -0.3731243715 -0.600452801 -0.5566658356 -0.8175016219 -0.1476964647 0
7 276 277 278 0.05349841575 0.06318900439 3.403533816 0.5994383492 2.242775814 0.06386154887 0.3095953857 -0.9487214553 0.5293379138 -0.8164175796 -0.2307893167 -0.8460041818 -0.4874556726 -0.2160182667 0
7 279 280 281 0.05296156095 0.06255490486 3.515460026 0.6522516261 2.422214176 0.06386154887 0.3095953857 -0.9487214553 0.6079500837 -0.7659645789 -0.2090333935 -0.7914028041 -0.5634260918 -0.237134225 0
7 282 283 284 0.0590179353 0.132420645 3.231804041 0.7713422338 1.935873074 0.8906407862 -0.1864177485 -0.4147377642 0.06808351163 -0.8471432456 0.5269847786 -0.4495816115 -0.4975909409 -0.7418083513 0
7 285 286 287 0.06048845595 0.1357201046 3.235910605 0.9415735548 1.936919809 0.8906407862 -0.1864177485 -0.4147377642 0.2148405276 -0.6313483137 0.7451461967 -0.4007524643 -0.7527600746 -0.522254471 0
8 288 289 290 0.03583389596 0.110618332 5.476784093 2.910314084 7.350905812 0 -0.8574929041 0.5144957915 -0.832394833 0.2851248419 0.4752080245 -0.5541830402 -0.4282636384 -0.7137726626 0
8 291 292 293 0.04054820695 0.125171291 5.417819448 2.841476247 7.16640723 0 -0.8574929041 0.5144957915 -0.8009892663 0.3080176757 0.5133627438 -0.5986787078 -0.4121056066 -0.6868426121 0
8 294 295 296 0.05034895734 0.07588495362 5.830182197 2.928775784 7.056815322 0.7933726878 -0.4849145956 -0.3679913223 -0.1832839352 -0.7667516475 0.6152226509 -0.5804883955 -0.4206539505 -0.6971968707 0
8 297 298 299 0.05170182637 0.07792397109 5.62620822 2.852996537 6.9864166 0.7933726878 -0.4849145956 -0.3679913223 0.229018337 -0.3223348246 0.9185046882 -0.5640127477 -0.8129932939 -0.1446773119 0
8 300 301 302 0.03924936691 0.05221706339 5.910599467 3.014284928 7.321067118 0.8582009171 -0.124387327 0.4980150387 -0.4664018414 0.2162439992 0.8577341401 -0.2143840206 -0.9683833568 0.1275663201 0
8 303 304 305 0.03683572163 0.0490059678 5.765590136 3.007343517 7.435166977 0.8582009171 -0.124387327 0.4980150387 -0.5044570247 -0.02492333605 0.8630770171 -0.09494364696 -0.9919206723 -0.08413729074 0
8 306 307 308 0.05135476767 0.07674282037 5.830548459 2.647033647 7.221082999 0.7866273478 -0.06569016359 -0.6139236257 -0.01812448842 -0.9963523916 0.08338713679 -0.6171619874 -0.05446755061 -0.7849486399 0
8 309 310 311 0.05140013448 0.07681061499 5.626674212 2.685146199 7.086739781 0.7866273478 -0.06569016359 -0.6139236257 0.03978275717 -0.9868654439 0.1565692428 -0.6161450706 -0.1475852227 -0.7736820109 0
8 312 313 314 0.04164418129 0.05929800085 5.908128436 2.746301919 7.476296498 0.9185333088 0.2624015354 0.2957059263 0.145058389 -0.9194977883 0.3653517224 0.3677697981 -0.2926931012 -0.8826528899 0
8 315 316 317 0.03870323839 0.05511033215 5.763218834 2.853252307 7.52645186 0.9185333088 0.2624015354 0.2957059263 0.3598009185 -0.864804617 -0.3502231767 0.163828751 0.4280869172 -0.8887641597 0
8 318 319 320 0.06318581227 0.09432664555 6.212704087 2.744782716 7.310002112 0.1771680728 0.3407264046 0.9233184668 -0.6307066904 0.759504593 -0.1592540231 -0.7555266671 -0.554128406 0.349458388 0
8 321 322 323 0.06112632353 0.09125214738 6.212803815 2.858674514 7.246057616 0.1771680728 0.3407264046 0.9233184668 0.2363782364 0.8959670786 -0.3759897916 -0.9553725992 0.2848657776 0.07819645396 0
9 324 325 326 0.03428230539 0.06005066894 7.914428757 4.796976109 12.51484553 0.03677172451 0 -0.9993236914 0.7166783662 -0.6969050668 0.0263713346 -0.696433744 -0.7171633899 -0.02562640112 0
9 327 328 329 0.03746633963 0.06562798889 7.928929232 4.913307653 12.44687025 0.03677172451 0 -0.9993236914 0.8240614299 -0.5656883378 0.03032266736 -0.5653057579 -0.8246191269 -0.02080133571 0
9 330 331 332 0.03780236085 0.06479367103 8.312366362 4.804976986 12.76959033 0.8808621812 0 -0.4733728106 0.3012523916 -0.7713628152 0.5605768493 -0.3651421838 -0.6363956375 -0.6794643318 0
9 333 334 335 0.03724059146 0.06383079198 8.175392213 4.913307653 12.59403284 0.8808621812 0 -0.4733728106 0.3709416882 -0.6212476799 0.6902561729 -0.2940817603 -0.7836142675 -0.5472335863 0
9 336 337 338 0.03953970284 0.06831606569 8.283321001 4.636035253 12.88409797 0.8005995907 -0.5934463473 -0.08283554943 -0.3694490296 -0.5977257793 0.7114993375 -0.4717496263 -0.539022565 -0.6977871914 0
9 339 340 341 0.03505402874 0.06056578979 8.131846376 4.628034376 12.77651576 0.8005995907 -0.5934463473 -0.08283554943 -0.3065856775 -0.5244778501 0.7943098936 -0.5148257159 -0.6105279827 -0.6018389026 0
9 342 343 344 0.03788126327 0.06598248426 8.324493839 4.79610269 12.28518094 0.85859015 0 0.5126626126 0.3883108196 -0.6529055672 -0.6503299376 0.3347202739 0.7574393179 -0.5605782889 0
9 345 346 347 0.03741019895 0.06516197323 8.185888512 4.913307653 12.30878107 0.85859015 0 0.5126626126 0.5114628427 0.06837446004 -0.8565808156 -0.03505302932 0.9976597282 0.0587056379 0
9 348 349 350 0.03273850192 0.04274019407 8.296498948 4.626477955 12.39608602 0.5775219985 -0.4484042309 0.6822037722 -0.6817643929 0.1947679081 0.7051686143 -0.4490719918 -0.872352628 -0.1932232868 0
9 351 352 353 0.03188324839 0.0416236585 8.143393145 4.627351374 12.48766142 0.5775219985 -0.4484042309 0.6822037722 -0.8047439479 -0.1721343123 0.5681170274 -0.1373154016 -0.877099438 -0.4602619431 0
9 354 355 356 0.04039237271 0.09721958758 8.546254416 4.628259334 12.54387429 -0.1216694316 -0.8266971187 0.5493345277 0.09544977594 0.5411363452 0.8355003268 -0.9879705915 0.1540887075 0.0130683032 0
9 357 358 359 0.04251386492 0.1023257644 8.544623238 4.63713363 12.74303191 -0.1216694316 -0.8266971187 0.5493345277 -0.5121562798 0.5263678301 0.6786993831 -0.8502308478 -0.1987681598 -0.4874409955 0
10 360 361 362 0.04321201367 0.07682776719 7.829776865 4.679926762 4.443881127 -0.01013522463 0 -0.9999486373 0.2071268119 -0.9783118503 -0.002099384595 -0.9782616015 -0.2071374511 0.009915410357 0
10 363 364 365 0.05130554993 0.0912174766 7.811883474 4.858909476 4.363340555 -0.01013522463 0 -0.9999486373 -0.04304359881 -0.9990730996 0.0004362789511 -0.9990217845 0.04304580976 0.01012583028 0
10 366 367 368 0.05238101336 0.09927929995 8.190469957 4.684371164 4.67411443 0.8247220472 0 -0.5655382788 0.3117907407 -0.834295998 0.4546831004 -0.4718263227 -0.5513167762 -0.6880623034 0
10 369 370 371 0.05239822234 0.09931191665 8.032300656 4.858909476 4.495360075 0.8247220472 0 -0.5655382788 0.4236625614 -0.6624212684 0.6178252967 -0.374624584 -0.7491315393 -0.5463134246 0
10 372 373 374 0.0528070093 0.07296449085 8.202586035 4.428481409 4.808827666 0.6673800228 -0.7435279772 -0.04207199021 -0.3811559813 -0.3895619706 0.8384280464 -0.6397843568 -0.543514138 -0.5433860126 0
10 375 376 377 0.04516700346 0.06240814344 8.062310124 4.424037007 4.710613883 0.6673800228 -0.7435279772 -0.04207199021 -0.1026439721 -0.1477924355 0.9836775951 -0.7376097344 -0.6521683396 -0.1749523839 0
10 378 379 380 0.0507569655 0.09877596679 8.179961386 4.675432724 4.197383716 0.8578889616 0 0.513835119 0.04366175346 0.9963833136 -0.07289680085 -0.5119767385 0.08497230307 0.8547862463 0
10 381 382 383 0.05275691021 0.1026679739 8.029450362 4.858909476 4.214147984 0.8578889616 0 0.513835119 -0.4184189285 0.5804360684 0.6985839754 -0.2982484363 -0.8143058212 0.4979496961 0
10 384 385 386 0.04402072983 0.04886961068 8.194288618 4.416954645 4.320891761 0.5425384458 -0.5973914068 0.5905722156 -0.6481244359 0.1495658932 0.7467025909 -0.5344031721 -0.7878791473 -0.3060387213 0
10 387 388 389 0.04153940734 0.04611497066 8.061670984 4.421448683 4.418196601 0.5425384458 -0.5973914068 0.5905722156 -0.3951302657 0.4389213589 0.8069821026 -0.7412989329 -0.6711717722 0.002084286604 0
10 390 391 392 0.05408707648 0.08969130041 8.422908995 4.422178817 4.455501794 0.0793866386 -0.8923477722 0.4443120694 -0.6527907256 0.2903157319 0.699700682 -0.7533671285 -0.3455896833 -0.5594691596 0
10 393 394 395 0.05630748796 0.09337335546 8.430567272 4.431117257 4.651020416 0.0793866386 -0.8923477722 0.4443120694 -0.8976809784 0.1298066848 0.421092728 -0.4334358345 -0.4322796294 -0.7907387049 0
11 396 397 398 0.07431231347 0.1054917541 6.355932476 1.915219754 2.975143167 -0.7185129213 -0.6412480244 -0.2693327924 -0.547297268 0.7602437205 -0.3499931225 0.4291909625 -0.1040694795 -0.8971982285 0
11 399 400 401 0.07264967907 0.1031315232 6.366643011 1.802330266 3.18816033 -0.7185129213 -0.6412480244 -0.2693327924 -0.5961117365 0.3682757076 0.7134590394 -0.3583154748 0.6731819772 -0.6468663279 0
11 402 403 404 0.09404883164 0.1513321986 6.363950309 2.225618078 3.470262575 -0.8146649367 -0.2599852131 0.5183905187 -0.2846666377 0.9580540717 0.03312553561 -0.5052582966 -0.1205822736 -0.8545021761 0
11 405 406 407 0.08618842545 0.1386841675 6.378670708 1.981216252 3.489232665 -0.8146649367 -0.2599852131 0.5183905187 -0.5791330527 0.4116161631 -0.7036881707 -0.03042939733 -0.8734871626 -0.4858952856 0
11 408 409 410 0.1092954577 0.1579414678 6.361443696 2.433101073 3.109197893 -0.8175816939 0.3147828805 -0.4821534112 0.5188545322 0.03962783938 -0.853943563 -0.2497001166 -0.9483361074 -0.1957255202 0
11 411 412 413 0.1014782302 0.1466448924 6.365453561 2.301588734 2.915150819 -0.8175816939 0.3147828805 -0.4821534112 0.5210419887 0.04801105567 -0.8521796668 -0.2451028759 -0.9479486678 -0.2032680583 0
11 414 415 416 0.05316743465 0.09035871617 6.013970546 1.831823948 3.255081705 -0.0002461100639 0.4931054308 0.8699695245 -0.4187262148 0.789979424 -0.447884881 -0.9081124911 -0.3643892749 0.2062817486 0
11 417 418 419 0.05739812433 0.09754882587 6.165744288 1.756611583 3.348438583 -0.0002461100639 0.4931054308 0.8699695245 0.1551461587 0.8594543758 -0.4871014734 -0.9878914965 0.1348525493 -0.0767149338 0
11 420 421 422 0.06079594134 0.08843915212 5.989163818 1.977645631 2.959477128 -0.08672724541 0.9739846352 -0.2093616855 0.9211867678 -0.001616326504 -0.3891173682 -0.3793327348 -0.2266082918 -0.8970815785 0
11 423 424 425 0.06837466814 0.09946383826 6.130227025 2.015322754 2.839816842 -0.08672724541 0.9739846352 -0.2093616855 0.6842749999 -0.09449737311 -0.7230753563 -0.7240484164 -0.2059713012 -0.6582778393 0
11 426 427 428 0.06798498743 0.08945561624 5.986775423 2.16143882 3.232400496 -0.07825714415 0.4992243958 -0.862931528 0.9116881307 -0.3143810404 -0.2645549351 -0.4033615892 -0.8074277454 -0.4305343938 0
11 429 430 431 0.07745055114 0.10191054 6.123828766 2.330628282 3.306787284 -0.07825714415 0.4992243958 -0.862931528 0.7793830584 -0.5091028479 -0.3652072543 -0.6216412693 -0.7011342902 -0.3492461015 0
12 432 433 434 0.03109998975 0.05797658172 5.587187374 4.431082161 3.601411466 -0.9162965828 0.4004575315 -0.005859849928 0.2177990727 0.4859659945 -0.8464045228 -0.336101378 -0.7768338418 -0.5325082591 0
12 435 436 437 0.03144727329 0.05862398748 5.493508328 4.447273017 3.458096806 -0.9162965828 0.4004575315 -0.005859849928 0.3836256022 0.8733927697 -0.3000274439 -0.115030299 -0.27716211 -0.953912572 0
12 438 439 440 0.02808607151 0.04127187095 5.461383379 4.148274983 3.500398123 -0.9641464623 -0.1962819555 -0.1785916939 -0.2243876642 0.2437062532 0.9435345454 -0.1416748931 0.949779267 -0.2790117714 0
12 441 442 443 0.02876211485 0.04226530193 5.417983851 4.27803414 3.401154102 -0.9641464623 -0.1962819555 -0.1785916939 -0.04753651252 0.7898491754 -0.6114560983 0.2610783008 -0.5810436077 -0.7708608479 0
12 444 445 446 0.03006834871 0.06041180351 5.619579647 4.112099252 3.713137834 -0.650131801 -0.4146081934 0.6367328225 -0.4816926687 0.8729847672 0.07661441845 -0.5876230205 -0.2569000627 -0.7672688861 0
12 447 448 449 0.03187207738 0.06403576381 5.669859165 4.225667553 3.757208473 -0.650131801 -0.4146081934 0.6367328225 -0.3285907638 0.9090053852 0.2563929009 -0.6850961621 -0.04253534609 -0.7272097311 0
12 450 451 452 0.03771332963 0.09356084221 5.043168126 4.324179787 3.513978744 -0.4083268365 -0.8642941329 -0.2937087781 0.2111748022 -0.4024649037 0.8907453083 -0.888073419 0.3016913208 0.3468543635 0
12 453 454 455 0.0353887092 0.08779382435 5.162612827 4.388735377 3.399268069 -0.4083268365 -0.8642941329 -0.2937087781 -0.5113389817 -0.04996764083 0.8579252186 -0.7561756676 0.500498638 -0.4215441531 0
12 456 457 458 0.03309376819 0.05962797204 5.206537243 4.282356203 3.730942031 0.3025874002 -0.7588679598 0.5766804009 -0.8244636085 0.09518213118 0.557853135 -0.47822654 -0.6442513341 -0.5968581029 0
12 459 460 461 0.03230993189 0.05821566477 5.41966099 4.330720936 3.759546015 0.3025874002 -0.7588679598 0.5766804009 -0.3567320295 0.4708972081 0.8068445195 -0.8838456451 -0.4498613552 -0.1282249455 0
12 462 463 464 0.03516722716 0.06335535166 5.128119461 4.106967667 3.676948983 0.5990664555 -0.1311300046 0.7898887921 -0.2998570775 0.8779693734 0.3731695492 -0.7424318925 -0.4604071039 0.4866417406 0
12 465 466 467 0.03180916706 0.05730565437 5.29096369 4.041764101 3.661482329 0.5990664555 -0.1311300046 0.7898887921 -0.6575198303 0.4823965593 0.578758354 -0.4569322211 -0.8660822602 0.2027670186 0
13 468 469 470 0.04292738349 0.08353915101 7.008755716 0.2853750825 11.40274962 0.8578889616 0 0.513835119 -0.4852766927 -0.3287383714 0.8102083773 0.1689173202 -0.9444210307 -0.2820210201 0
13 471 472 473 0.04440976583 0.08642395209 7.086043392 0.3162058938 11.21462685 0.8578889616 0 0.513835119 -0.488854902 -0.3080049284 0.816182485 0.158263749 -0.9513847613 -0.2642340282 0
13 474 475 476 0.03240582822 0.04805348519 7.090651496 0.6050251886 11.24403911 0.797164721 0.5939416773 0.1084513323 0.4089355578 -0.6632977824 0.6267437765 0.444184778 -0.4552684217 -0.7716414628 0
13 477 478 479 0.04035270333 0.05983763224 7.130551129 0.5135928906 11.1186494 0.797164721 0.5939416773 0.1084513323 0.3515448879 -0.3105689152 -0.8831552189 -0.4908610795 0.7421456952 -0.456371743 0
13 480 481 482 0.03026787665 0.04028249069 6.984027429 0.5555863159 11.51554705 0.4207766325 0.3932582357 0.8174931104 -0.2226130862 0.9183598525 -0.3271980977 -0.879426199 -0.04430735054 0.4739687957 0
13 483 484 485 0.03521091182 0.04686100858 6.946639385 0.4333232066 11.57828011 0.4207766325 0.3932582357 0.8174931104 -0.8640607681 -0.1007358393 0.4932051091 0.2763078256 -0.9138929099 0.297411726 0
13 486 487 488 0.04728473614 0.1041216583 7.466292359 0.6142713001 11.47023488 0.2130439885 0.8819869139 -0.4203704827 0.7267888806 -0.4306051548 -0.5351234658 -0.6529855909 -0.191515755 -0.7327561215 0
13 489 490 491 0.04664192004 0.1027061681 7.353801893 0.5121955769 11.25323424 0.2130439885 0.8819869139 -0.4203704827 0.3894372339 -0.471248542 -0.7913680892 -0.8960752758 0.004888296138 -0.443875213 0
13 492 493 494 0.04517539015 0.09513060877 7.356482175 0.5663478823 11.73913622 -0.2625241883 0.6222455945 0.73748998 -0.05521060202 0.7533587933 -0.6552879657 -0.9633446112 -0.2127462071 -0.1634203518 0
13 495 496 497 0.04320450588 0.09098030882 7.166704033 0.4334413478 11.71025835 -0.2625241883 0.6222455945 0.73748998 0.2647091674 0.7814175139 -0.5650802824 -0.9279063031 0.04687311609 -0.3698551118 0
13 498 499 500 0.04258999828 0.07169678658 7.40299196 0.7653459968 11.64819329 -0.3727365125 -0.1768363353 0.9109316126 -0.6117475398 0.7849676203 -0.09793254067 -0.6977337886 -0.5937632066 -0.4007652863 0
13 501 502 503 0.03300148144 0.05555530094 7.250601862 0.7547025716 11.55658237 -0.3727365125 -0.1768363353 0.9109316126 -0.7757377833 0.5980833767 -0.2013136012 -0.5092134953 -0.7816809995 -0.3601061388 0
14 504 505 506 0.03805412087 0.07346440057 0.8276198094 2.555458492 1.420616009 0.6946145313 -0.001454768999 0.7193806618 -0.6297031317 0.4822794074 0.6089996216 -0.347828433 -0.8760162423 0.334082212 0
14 507 508 509 0.039228702 0.07573195785 0.766370377 2.364493373 1.436430652 0.6946145313 -0.001454768999 0.7193806618 -0.7162874469 0.09125766956 0.6918123526 -0.06665542988 -0.9958262506 0.0623468706 0
14 510 511 512 0.03426535723 0.06465992302 0.8669632885 2.277325385 1.169493878 0.7586861547 -0.6409043309 0.1167773838 -0.492075411 -0.4463178732 0.7474370515 -0.4269158098 -0.6245334216 -0.653988453 0
14 513 514 515 0.03914293229 0.07386407711 0.7868647072 2.195583324 1.280958488 0.7586861547 -0.6409043309 0.1167773838 -0.2907516246 -0.1727125622 0.9410812205 -0.5829741088 -0.7479385065 -0.3173786051 0
14 516 517 518 0.03191805182 0.05118473255 0.9597195981 2.562447659 1.155246321 0.9287418869 0.366978883 0.05258333295 0.3637088423 -0.9294161453 0.06246204302 0.0717940494 -0.03888609254 -0.9966611692 0
14 519 520 521 0.03417605155 0.05480572774 0.9408704492 2.671670717 1.250896288 0.9287418869 0.366978883 0.05258333295 0.1263086352 -0.4465803558 0.8857833338 0.348546462 -0.8160223558 -0.4611104842 0
14 522 523 524 0.04045736203 0.0876218157 1.16798399 2.272043832 1.472514139 0.09149525024 -0.7339446659 -0.6730184593 0.686504829 -0.4430878025 0.5765278128 -0.7213457832 -0.5147799788 0.463316128 0
14 525 526 527 0.0407481813 0.08825166677 0.9673205773 2.195283628 1.467930292 0.09149525024 -0.7339446659 -0.6730184593 0.005628954771 -0.6754613305 0.7373739254 -0.9957896033 -0.07125460229 -0.05767016213 0
14 528 529 530 0.0391531162 0.08418166131 1.258425991 2.557577117 1.454593986 0.4716027431 0.4936463385 -0.7306874469 0.6131644759 -0.7790858351 -0.1305932125 -0.633735101 -0.3864434682 -0.6701054154 0
14 531 532 533 0.03786048017 0.08140241259 1.119012011 2.671782033 1.434195496 0.4716027431 0.4936463385 -0.7306874469 0.792062912 -0.6013502425 0.1049486986 -0.3875915326 -0.6282445212 -0.6745973803 0
14 534 535 536 0.03545808208 0.05947988754 1.279122525 2.390698542 1.30180569 0.2970764531 0.9536056527 -0.04880410054 0.7378662466 -0.2617075944 -0.6221435021 -0.6060519641 0.1488132864 -0.7813805875 0
14 537 538 539 0.03261903148 0.05471746384 1.158557694 2.3956804 1.185757234 0.2970764531 0.9536056527 -0.04880410054 0.926111528 -0.2753114262 0.2579167625 0.2325145561 -0.1218190371 -0.9649337301 0
15 540 541 542 0.0414687133 0.06634994128 1.039869083 0.2764444662 0.09517079539 -1 0 0 -2.081668171e-17 0.9398810479 -0.3415019997 -0 -0.3415019997 -0.9398810479 0
15 543 544 545 0.04267345627 0.06827753003 1.014961135 0.1215184583 0.220030711 -1 0 0 0 0.8165083783 -0.5773335848 -0 -0.5773335848 -0.8165083783 0
15 546 547 548 0.04769784045 0.1052301702 1.376404269 0.2841082233 0.426292735 -0.498819071 0 0.8667061408 -0.3550181537 0.9122572888 -0.2043251077 -0.7906589941 -0.4096176743 -0.4550513333 0
15 549 550 551 0.04674962727 0.1031382383 1.214410893 0.1215184583 0.4164573212 -0.498819071 0 0.8667061408 0.06407853792 0.9972631806 0.03687939343 -0.8643341226 0.07393340707 -0.4974538932 0
15 552 553 554 0.04703948132 0.0961465294 1.417598808 0.517940682 0.2298661249 -0.2937394871 0.9558855129 0 0.5672586951 0.1743161455 -0.8048797763 -0.7693729178 -0.2364249726 -0.5934379039 0
15 555 556 557 0.04345454111 0.08881907703 1.280513379 0.5102769248 0.09517079539 -0.2937394871 0.9558855129 0 0.6278794207 0.1929446325 -0.7540157836 -0.720752764 -0.2214842095 -0.6568562995 0
15 558 559 560 0.04092137487 0.07309084432 0.8600531379 0.2808878466 0.4192841532 0.7124858945 0 0.7016864329 -0.2970162366 0.9059946557 0.3015875313 -0.6357241582 -0.4232891256 0.6455084127 0
15 561 562 563 0.04484262239 0.08009469725 0.901910893 0.1215184583 0.4164573212 0.7124858945 0 0.7016864329 -0.7015815874 0.01728630034 0.7123794354 -0.01212956242 -0.9998505807 0.01231624516 0
15 564 565 566 0.0390297357 0.0581595343 0.9012476761 0.5147203052 0.222857543 0.7171844717 0.6968833715 0 0.1409512733 -0.1450573634 -0.9793319661 -0.6824801624 0.7023616788 -0.2022594871 0
15 567 568 569 0.04025561415 0.05998625741 0.9680133791 0.5102769248 0.09517079539 0.7171844717 0.6968833715 0 0.09248109793 -0.09517519011 -0.9911553509 -0.6907196827 0.7108412268 -0.1327067078 0
15 570 571 572 0.04013149502 0.06511626976 1.100697434 0.5147203052 0.4192841532 0.1336822695 0.7588203454 -0.6374329253 0.9490549141 -0.2832250039 -0.1381244629 -0.2853485954 -0.5864940585 -0.758024339 0
15 573 574 575 0.04245831662 0.06889170706 1.304548565 0.517940682 0.426292735 0.1336822695 0.7588203454 -0.6374329253 0.9307716317 -0.3169914248 -0.1821554452 -0.340284029 -0.5689535307 -0.7486645841 0
16 576 577 578 0.04706254046 0.0701031595 8.397317424 0.5656641249 0.4449312878 -0.1913118059 0.7672262536 -0.6121794416 0.7711644376 -0.268352776 -0.5773146436 -0.6072110038 -0.5825381218 -0.5403185482 0
16 579 580 581 0.04780421651 0.07120794121 8.597440194 0.5711989118 0.4422445546 -0.1913118059 0.7672262536 -0.6121794416 0.639733822 -0.3755557519 -0.6705956414 -0.7444060921 -0.5199247571 -0.4189723344 0
16 582 583 584 0.0536738013 0.115278714 8.6776401 0.1337896363 0.4380639111 0.4699744915 0 -0.8826799971 0.2044383583 -0.9728084934 0.1088512414 -0.8586785982 -0.2316109564 -0.457195177 0
